test:{'dev': (1097, (0.8216723549488054, 0.5020855057351408, 0.6233009708737864), (0.4496996996996997, 0.43059726393059733, 0.4399412204775609))}
test:{'dev': (1097, (0.8216723549488054, 0.5020855057351408, 0.6233009708737864), (0.4496996996996997, 0.43059726393059733, 0.4399412204775609)), 'test': (1123, (0.8247863247863247, 0.506827731092437, 0.6278464541314248), (0.4522022022022022, 0.4338088088088088, 0.4428145841081867))}
test:{'dev': (1325, (0.8014059753954306, 0.7132429614181439, 0.7547586206896552), (0.5989322655989323, 0.593677010343677, 0.5962930592806325))}
test:{'dev': (1325, (0.8014059753954306, 0.7132429614181439, 0.7547586206896552), (0.5989322655989323, 0.593677010343677, 0.5962930592806325)), 'test': (1312, (0.7918871252204586, 0.7074579831932774, 0.7472954230235784), (0.5925091758425092, 0.5859609609609608, 0.5892168756971446))}
test:{'dev': (1351, (0.7904656319290465, 0.7434827945776851, 0.7662547017732402), (0.6296296296296297, 0.6192025358692025, 0.6243725523666743))}
test:{'dev': (1351, (0.7904656319290465, 0.7434827945776851, 0.7662547017732402), (0.6296296296296297, 0.6192025358692025, 0.6243725523666743)), 'test': (1307, (0.7649972482113374, 0.7300420168067226, 0.7471109916689062), (0.6168668668668669, 0.6071488154821487, 0.6119692630238852))}
test:{'dev': (1325, (0.782608695652174, 0.7507820646506778, 0.7663650878126663), (0.614698031364698, 0.6237904571237904, 0.619210867992889))}
test:{'dev': (1325, (0.782608695652174, 0.7507820646506778, 0.7663650878126663), (0.614698031364698, 0.6237904571237904, 0.619210867992889)), 'test': (1326, (0.7655321447866018, 0.7442226890756303, 0.7547270306258321), (0.6045211878545211, 0.6125291958625292, 0.6084988461159354))}
test:{'dev': (1350, (0.819047619047619, 0.7174139728884255, 0.7648693718732629), (0.6273773773773774, 0.6065231898565232, 0.6167740550177003))}
test:{'dev': (1350, (0.819047619047619, 0.7174139728884255, 0.7648693718732629), (0.6273773773773774, 0.6065231898565232, 0.6167740550177003)), 'test': (1331, (0.7982404692082111, 0.7148109243697479, 0.7542255472430036), (0.6231231231231231, 0.6008925592258924, 0.6118059655048103))}
test:{'dev': (1366, (0.800332778702163, 0.7523461939520334, 0.7755979575382961), (0.6401401401401401, 0.6282949616282949, 0.6341622432639136))}
test:{'dev': (1366, (0.800332778702163, 0.7523461939520334, 0.7755979575382961), (0.6401401401401401, 0.6282949616282949, 0.6341622432639136)), 'test': (1326, (0.7801104972375691, 0.7415966386554622, 0.7603661820140012), (0.6292125458792125, 0.6174090757424089, 0.6232549310214448))}
test:{'dev': (1358, (0.8006756756756757, 0.7413972888425443, 0.7698971304818624), (0.625291958625292, 0.6172005338672005, 0.6212198995459597))}
test:{'dev': (1358, (0.8006756756756757, 0.7413972888425443, 0.7698971304818624), (0.625291958625292, 0.6172005338672005, 0.6212198995459597)), 'test': (1330, (0.7842582106455266, 0.7274159663865546, 0.7547683923705721), (0.6096096096096097, 0.6024774774774775, 0.6060225601879365))}
test:{'dev': (1368, (0.816598955310505, 0.7335766423357665, 0.7728645976380115), (0.6252919586252919, 0.6126126126126125, 0.6188873509628225))}
test:{'dev': (1368, (0.816598955310505, 0.7335766423357665, 0.7728645976380115), (0.6252919586252919, 0.6126126126126125, 0.6188873509628225)), 'test': (1354, (0.8002329644729179, 0.7216386554621849, 0.7589063794531898), (0.6173673673673674, 0.6024774774774774, 0.6098315465942914))}
test:{'dev': (1348, (0.7984234234234234, 0.7393117831074035, 0.7677314564158093), (0.6311311311311311, 0.6189522856189523, 0.6249823826228471))}
test:{'dev': (1348, (0.7984234234234234, 0.7393117831074035, 0.7677314564158093), (0.6311311311311311, 0.6189522856189523, 0.6249823826228471)), 'test': (1316, (0.7792792792792793, 0.726890756302521, 0.7521739130434784), (0.6245412078745413, 0.6078161494828161, 0.6160651857958974))}
test:{'dev': (1367, (0.8025871766029247, 0.7440041710114703, 0.7721861471861473), (0.6259592926259592, 0.6198698698698699, 0.6228996991635091))}
test:{'dev': (1367, (0.8025871766029247, 0.7440041710114703, 0.7721861471861473), (0.6259592926259592, 0.6198698698698699, 0.6228996991635091)), 'test': (1327, (0.7857142857142857, 0.7337184873949579, 0.7588267246061923), (0.6188688688688689, 0.6105689022355688, 0.6146908689060196))}
test:{'dev': (1351, (0.7979741136747327, 0.7393117831074035, 0.7675236806495263), (0.6280447113780447, 0.6177844511177845, 0.6228723310968596))}
test:{'dev': (1351, (0.7979741136747327, 0.7393117831074035, 0.7675236806495263), (0.6280447113780447, 0.6177844511177845, 0.6228723310968596)), 'test': (1337, (0.7825112107623319, 0.7331932773109243, 0.7570498915401301), (0.6184517851184518, 0.6087337337337337, 0.6135542809233459))}
test:{'dev': (1339, (0.7818681318681319, 0.7419186652763295, 0.7613697164258962), (0.6243743743743744, 0.6205372038705372, 0.622449875498656))}
test:{'dev': (1339, (0.7818681318681319, 0.7419186652763295, 0.7613697164258962), (0.6243743743743744, 0.6205372038705372, 0.622449875498656)), 'test': (1319, (0.7726769911504425, 0.7337184873949579, 0.7526939655172413), (0.6197864531197864, 0.6101518184851518, 0.6149313996872973))}
test:{'dev': (1343, (0.781283422459893, 0.7617309697601669, 0.7713833157338965), (0.6320487153820487, 0.6322155488822154, 0.6321321211243793))}
test:{'dev': (1343, (0.781283422459893, 0.7617309697601669, 0.7713833157338965), (0.6320487153820487, 0.6322155488822154, 0.6321321211243793)), 'test': (1310, (0.757511860832894, 0.7547268907563025, 0.75611681136543), (0.6253753753753755, 0.6253336670003337, 0.6253545204924135))}
test:{'dev': (1345, (0.7808807733619764, 0.7580813347236705, 0.7693121693121693), (0.6368868868868869, 0.6327994661327996, 0.6348365973226364))}
test:{'dev': (1345, (0.7808807733619764, 0.7580813347236705, 0.7693121693121693), (0.6368868868868869, 0.6327994661327996, 0.6348365973226364)), 'test': (1319, (0.7616247995724211, 0.7484243697478992, 0.7549668874172184), (0.6307974641307974, 0.6219135802469136, 0.626324021152277))}
test:{'dev': (1357, (0.80672748004561, 0.737747653806048, 0.7706971677559913), (0.6264597931264597, 0.6163663663663663, 0.6213720936185531))}
test:{'dev': (1357, (0.80672748004561, 0.737747653806048, 0.7706971677559913), (0.6264597931264597, 0.6163663663663663, 0.6213720936185531)), 'test': (1318, (0.7845272206303725, 0.7190126050420168, 0.7503425596053713), (0.6130296963630295, 0.5988071404738069, 0.6058349578856661))}
test:{'dev': (1350, (0.7955555555555556, 0.7466110531803962, 0.7703066164604626), (0.6288788788788787, 0.6228728728728727, 0.6258614672249216))}
test:{'dev': (1350, (0.7955555555555556, 0.7466110531803962, 0.7703066164604626), (0.6288788788788787, 0.6228728728728727, 0.6258614672249216)), 'test': (1318, (0.774764803541782, 0.7352941176470589, 0.7545136081918621), (0.6147814481147814, 0.6101518184851518, 0.6124578844680538))}
test:{'dev': (1353, (0.7900219298245614, 0.751303441084463, 0.7701763762693747), (0.6373873873873875, 0.6279612946279612, 0.6326392316240033))}
test:{'dev': (1353, (0.7900219298245614, 0.751303441084463, 0.7701763762693747), (0.6373873873873875, 0.6279612946279612, 0.6326392316240033)), 'test': (1321, (0.7745633187772926, 0.7452731092436975, 0.7596359743040686), (0.6307140473807142, 0.6192442442442442, 0.624926521502984))}
test:{'dev': (1336, (0.7825379609544468, 0.7523461939520334, 0.7671451355661881), (0.6355522188855521, 0.6289622956289622, 0.6322400858100222))}
test:{'dev': (1336, (0.7825379609544468, 0.7523461939520334, 0.7671451355661881), (0.6355522188855521, 0.6289622956289622, 0.6322400858100222)), 'test': (1314, (0.7645788336933045, 0.7436974789915967, 0.7539936102236423), (0.6283783783783783, 0.6196613279946613, 0.6239894106585281))}
test:{'dev': (1348, (0.7907233572611817, 0.7466110531803962, 0.7680343255564493), (0.6383883883883884, 0.6257924591257924, 0.632027672674324))}
test:{'dev': (1348, (0.7907233572611817, 0.7466110531803962, 0.7680343255564493), (0.6383883883883884, 0.6257924591257924, 0.632027672674324)), 'test': (1318, (0.7736784140969163, 0.7379201680672269, 0.7553763440860215), (0.63013013013013, 0.6153236569903235, 0.6226388808017017))}
test:{'dev': (1346, (0.7810140237324703, 0.7549530761209593, 0.767762460233298), (0.6343843843843844, 0.6305472138805471, 0.6324599791033448))}
test:{'dev': (1346, (0.7810140237324703, 0.7549530761209593, 0.767762460233298), (0.6343843843843844, 0.6305472138805471, 0.6324599791033448)), 'test': (1305, (0.7613454351308062, 0.7489495798319328, 0.7550966375430236), (0.6254587921254589, 0.6209125792459126, 0.6231773943962592))}
test:{'dev': (1351, (0.7913472070098576, 0.7533889468196038, 0.7719017094017093), (0.6326326326326326, 0.6288788788788787, 0.6307501709207719))}
test:{'dev': (1351, (0.7913472070098576, 0.7533889468196038, 0.7719017094017093), (0.6326326326326326, 0.6288788788788787, 0.6307501709207719)), 'test': (1312, (0.7713815789473685, 0.7389705882352942, 0.7548283261802576), (0.6204537871204537, 0.6135719052385717, 0.6169936568309726))}
test:{'dev': (1348, (0.7870370370370371, 0.7533889468196038, 0.7698454981353223), (0.6327160493827161, 0.629129129129129, 0.6309174911673755))}
test:{'dev': (1348, (0.7870370370370371, 0.7533889468196038, 0.7698454981353223), (0.6327160493827161, 0.629129129129129, 0.6309174911673755)), 'test': (1307, (0.770617149098853, 0.7410714285714286, 0.7555555555555555), (0.6225392058725392, 0.6159075742409076, 0.6192056345347243))}
test:{'dev': (1344, (0.7916897506925208, 0.7450469238790407, 0.7676604888530755), (0.6319652986319653, 0.6230397063730396, 0.6274707631082949))}
test:{'dev': (1344, (0.7916897506925208, 0.7450469238790407, 0.7676604888530755), (0.6319652986319653, 0.6230397063730396, 0.6274707631082949)), 'test': (1310, (0.77623542476402, 0.7342436974789915, 0.7546558704453441), (0.6206206206206206, 0.6110694027360692, 0.6158079789179312))}
test:{'dev': (1340, (0.7910614525139665, 0.7382690302398331, 0.7637540453074434), (0.6279612946279614, 0.6185352018685352, 0.6232126078653997))}
test:{'dev': (1340, (0.7910614525139665, 0.7382690302398331, 0.7637540453074434), (0.6279612946279614, 0.6185352018685352, 0.6232126078653997)), 'test': (1311, (0.776850306065665, 0.7331932773109243, 0.7543907052148068), (0.6206206206206206, 0.6110694027360692, 0.6158079789179312))}
