test:{'dev': (894, (0.8039772727272727, 0.29509906152241916, 0.4317315026697177), (0.2832832832832833, 0.2749416082749416, 0.27905012005430413))}
test:{'dev': (894, (0.8039772727272727, 0.29509906152241916, 0.4317315026697177), (0.2832832832832833, 0.2749416082749416, 0.27905012005430413)), 'test': (902, (0.7918994413407822, 0.2977941176470588, 0.43282442748091604), (0.28378378378378377, 0.2745245245245245, 0.27907737410202677))}
test:{'dev': (1278, (0.8108626198083068, 0.6616266944734098, 0.7286821705426357), (0.5690690690690691, 0.5551384718051385, 0.5620174600659873))}
test:{'dev': (1278, (0.8108626198083068, 0.6616266944734098, 0.7286821705426357), (0.5690690690690691, 0.5551384718051385, 0.5620174600659873)), 'test': (1249, (0.8062792251169004, 0.6339285714285714, 0.7097912378712142), (0.5445445445445446, 0.5293209876543209, 0.5368248584157234))}
test:{'dev': (1373, (0.8002189381499726, 0.762252346193952, 0.7807743658210947), (0.6499833166499832, 0.6374708041374707, 0.6436662570738851))}
test:{'dev': (1373, (0.8002189381499726, 0.762252346193952, 0.7807743658210947), (0.6499833166499832, 0.6374708041374707, 0.6436662570738851)), 'test': (1330, (0.7737506864360242, 0.7400210084033614, 0.756510067114094), (0.6316316316316316, 0.6183266599933265, 0.6249083345416222))}
test:{'dev': (1380, (0.8028872848417545, 0.7539103232533889, 0.777628394729766), (0.6488154821488153, 0.6322155488822155, 0.640407962389252))}
test:{'dev': (1380, (0.8028872848417545, 0.7539103232533889, 0.777628394729766), (0.6488154821488153, 0.6322155488822155, 0.640407962389252)), 'test': (1346, (0.7829928216454998, 0.7447478991596639, 0.7633916554508748), (0.6348848848848848, 0.6212879546212879, 0.6280128325416856))}
test:{'dev': (1329, (0.8417639429312581, 0.6767466110531803, 0.7502890173410405), (0.6036036036036037, 0.5781614948281618, 0.5906086788418972))}
test:{'dev': (1329, (0.8417639429312581, 0.6767466110531803, 0.7502890173410405), (0.6036036036036037, 0.5781614948281618, 0.5906086788418972)), 'test': (1332, (0.8302752293577982, 0.6654411764705882, 0.7387755102040816), (0.5880880880880881, 0.5637303970637302, 0.5756516945682645))}
test:{'dev': (1362, (0.7885032537960954, 0.7580813347236705, 0.7729930887825625), (0.6445612278945613, 0.6327994661327995, 0.6386261966705599))}
test:{'dev': (1362, (0.7885032537960954, 0.7580813347236705, 0.7729930887825625), (0.6445612278945613, 0.6327994661327995, 0.6386261966705599)), 'test': (1326, (0.7684782608695652, 0.7426470588235294, 0.7553418803418804), (0.6250417083750418, 0.6157824491157824, 0.6203775315932178))}
test:{'dev': (1359, (0.818075117370892, 0.7267987486965589, 0.7697404748757593), (0.6275442108775442, 0.609693026359693, 0.6184898378241599))}
test:{'dev': (1359, (0.818075117370892, 0.7267987486965589, 0.7697404748757593), (0.6275442108775442, 0.609693026359693, 0.6184898378241599)), 'test': (1330, (0.793753682969947, 0.7074579831932774, 0.7481255206886976), (0.6106106106106106, 0.5924257590924257, 0.6013807456048477))}
test:{'dev': (1370, (0.7997769102063581, 0.7476538060479666, 0.7728375101050929), (0.6401401401401401, 0.6269602936269604, 0.6334816712696897))}
test:{'dev': (1370, (0.7997769102063581, 0.7476538060479666, 0.7728375101050929), (0.6401401401401401, 0.6269602936269604, 0.6334816712696897)), 'test': (1350, (0.7808142777467931, 0.7352941176470589, 0.757370841222613), (0.6232065398732066, 0.6110276943610276, 0.6170570295446388))}
test:{'dev': (1344, (0.8025258323765786, 0.7288842544316997, 0.7639344262295081), (0.6334668001334668, 0.6145311978645311, 0.6238553461109886))}
test:{'dev': (1344, (0.8025258323765786, 0.7288842544316997, 0.7639344262295081), (0.6334668001334668, 0.6145311978645311, 0.6238553461109886)), 'test': (1334, (0.7892325315005727, 0.7237394957983193, 0.7550684931506849), (0.6202035368702035, 0.6049382716049383, 0.612475801645362))}
test:{'dev': (1355, (0.7869565217391304, 0.7549530761209593, 0.7706226716338477), (0.6411411411411411, 0.6309642976309643, 0.636012012012012))}
test:{'dev': (1355, (0.7869565217391304, 0.7549530761209593, 0.7706226716338477), (0.6411411411411411, 0.6309642976309643, 0.636012012012012)), 'test': (1333, (0.7697686928456159, 0.7515756302521008, 0.7605633802816901), (0.6337170503837171, 0.6240407073740407, 0.6288416572384384))}
test:{'dev': (1361, (0.7945054945054945, 0.7539103232533889, 0.7736757624398074), (0.6430597263930596, 0.6307974641307973, 0.6368695764500447))}
test:{'dev': (1361, (0.7945054945054945, 0.7539103232533889, 0.7736757624398074), (0.6430597263930596, 0.6307974641307973, 0.6368695764500447)), 'test': (1325, (0.7776554760594386, 0.7421218487394958, 0.7594732598763774), (0.6296296296296298, 0.6167417417417416, 0.6231190531963546))}
test:{'dev': (1335, (0.781267217630854, 0.7393117831074035, 0.7597106884543263), (0.6284617951284618, 0.6204537871204537, 0.6244321175748729))}
test:{'dev': (1335, (0.781267217630854, 0.7393117831074035, 0.7597106884543263), (0.6284617951284618, 0.6204537871204537, 0.6244321175748729)), 'test': (1311, (0.7694429123000551, 0.7326680672268907, 0.7506053268765134), (0.6188688688688688, 0.6118618618618619, 0.6153454186191071))}
test:{'dev': (1354, (0.7867247007616975, 0.7539103232533889, 0.7699680511182109), (0.6404738071404739, 0.6322155488822153, 0.636317884815842))}
test:{'dev': (1354, (0.7867247007616975, 0.7539103232533889, 0.7699680511182109), (0.6404738071404739, 0.6322155488822153, 0.636317884815842)), 'test': (1315, (0.7676438653637351, 0.7426470588235294, 0.7549386011745863), (0.6233733733733734, 0.6165331998665331, 0.6199344190800057))}
test:{'dev': (1350, (0.8014705882352942, 0.7387904066736184, 0.7688551275094954), (0.6272105438772105, 0.6172005338672003, 0.6221652787434616))}
test:{'dev': (1350, (0.8014705882352942, 0.7387904066736184, 0.7688551275094954), (0.6272105438772105, 0.6172005338672003, 0.6221652787434616)), 'test': (1323, (0.7815833801235261, 0.7310924369747899, 0.7554952510176391), (0.6161995328661996, 0.6077744411077743, 0.6119579903854876))}
test:{'dev': (1349, (0.789760348583878, 0.7559958289885297, 0.7725093233883856), (0.6311311311311312, 0.6292959626292958, 0.6302122108872604))}
test:{'dev': (1349, (0.789760348583878, 0.7559958289885297, 0.7725093233883856), (0.6311311311311312, 0.6292959626292958, 0.6302122108872604)), 'test': (1301, (0.7625743645213628, 0.740546218487395, 0.7513988808952837), (0.6140306973640306, 0.6128628628628627, 0.6134462243042607))}
test:{'dev': (1351, (0.7885558583106267, 0.7544316996871742, 0.7711164401811883), (0.6398064731398064, 0.6314647981314646, 0.635608267935477))}
test:{'dev': (1351, (0.7885558583106267, 0.7544316996871742, 0.7711164401811883), (0.6398064731398064, 0.6314647981314646, 0.635608267935477)), 'test': (1311, (0.7645161290322581, 0.7468487394957983, 0.7555791710945803), (0.6250417083750417, 0.6198281614948281, 0.6224240177010415))}
test:{'dev': (1344, (0.789272030651341, 0.7518248175182481, 0.7700934579439251), (0.6374708041374708, 0.6289622956289622, 0.6331879677508272))}
test:{'dev': (1344, (0.789272030651341, 0.7518248175182481, 0.7700934579439251), (0.6374708041374708, 0.6289622956289622, 0.6331879677508272)), 'test': (1324, (0.7752318603382433, 0.7463235294117647, 0.7605030773347605), (0.6252919586252919, 0.6192025358692025, 0.6222323492024321))}
test:{'dev': (1331, (0.7839912280701754, 0.7455683003128258, 0.7642971672902191), (0.6400567233900567, 0.6284617951284617, 0.6342062673795866))}
test:{'dev': (1331, (0.7839912280701754, 0.7455683003128258, 0.7642971672902191), (0.6400567233900567, 0.6284617951284617, 0.6342062673795866)), 'test': (1320, (0.7739463601532567, 0.7426470588235294, 0.7579737335834897), (0.622288955622289, 0.6180347013680345, 0.6201545325449644))}
test:{'dev': (1351, (0.7781895182636316, 0.7664233576642335, 0.7722616233254531), (0.6423089756423089, 0.64014014014014, 0.6412227239598124))}
test:{'dev': (1351, (0.7781895182636316, 0.7664233576642335, 0.7722616233254531), (0.6423089756423089, 0.64014014014014, 0.6412227239598124)), 'test': (1304, (0.7568710359408034, 0.7521008403361344, 0.7544783983140148), (0.6266266266266265, 0.6234567901234566, 0.6250376894978522))}
test:{'dev': (1339, (0.7836225596529284, 0.7533889468196038, 0.7682083997873471), (0.6299632966299632, 0.6278778778778777, 0.62891885850968))}
test:{'dev': (1339, (0.7836225596529284, 0.7533889468196038, 0.7682083997873471), (0.6299632966299632, 0.6278778778778777, 0.62891885850968)), 'test': (1311, (0.7677314564158094, 0.7447478991596639, 0.7560650493201813), (0.6176176176176174, 0.6175342008675341, 0.6175759064257746))}
test:{'dev': (1343, (0.7798607391537226, 0.7591240875912408, 0.7693527080581242), (0.6372205538872204, 0.634551217884551, 0.635883084536283))}
test:{'dev': (1343, (0.7798607391537226, 0.7591240875912408, 0.7693527080581242), (0.6372205538872204, 0.634551217884551, 0.635883084536283)), 'test': (1309, (0.7594064652888183, 0.7526260504201681, 0.7560010551305725), (0.6239572906239571, 0.6242075408742075, 0.6240823906621763))}
test:{'dev': (1345, (0.7792624265098878, 0.7601668404588112, 0.7695961995249407), (0.6373873873873873, 0.6348848848848848, 0.6361336749810391))}
test:{'dev': (1345, (0.7792624265098878, 0.7601668404588112, 0.7695961995249407), (0.6373873873873873, 0.6348848848848848, 0.6361336749810391)), 'test': (1308, (0.7591318157755426, 0.7531512605042017, 0.7561297126285261), (0.623707040373707, 0.6244577911244578, 0.6240821899669279))}
test:{'dev': (1346, (0.7849404117009751, 0.7554744525547445, 0.7699256110520722), (0.6363863863863863, 0.6311311311311311, 0.6337478643500359))}
test:{'dev': (1346, (0.7849404117009751, 0.7554744525547445, 0.7699256110520722), (0.6363863863863863, 0.6311311311311311, 0.6337478643500359)), 'test': (1314, (0.7649273803119957, 0.7468487394957983, 0.7557799627956417), (0.621705038371705, 0.6192859526192858, 0.620493137712111))}
test:{'dev': (1343, (0.7839305103148752, 0.7528675703858185, 0.7680851063829787), (0.6348848848848849, 0.6288788788788787, 0.6318676101844417))}
test:{'dev': (1343, (0.7839305103148752, 0.7528675703858185, 0.7680851063829787), (0.6348848848848849, 0.6288788788788787, 0.6318676101844417)), 'test': (1313, (0.7634408602150538, 0.7457983193277311, 0.7545164718384696), (0.6210377043710376, 0.6182849516182848, 0.6196582708215831))}
