test:{'dev': (1157, (0.7814710042432814, 0.5761209593326382, 0.6632653061224489), (0.5230230230230231, 0.49933266599933274, 0.5109033641997089))}
test:{'dev': (1157, (0.7814710042432814, 0.5761209593326382, 0.6632653061224489), (0.5230230230230231, 0.49933266599933274, 0.5109033641997089)), 'test': (1196, (0.7891440501043842, 0.5955882352941176, 0.6788386710565699), (0.5347847847847848, 0.5129713046379714, 0.5236509747277631))}
test:{'dev': (1360, (0.7959977765425236, 0.7466110531803962, 0.770513855259618), (0.6293793793793794, 0.6213713713713713, 0.6253497394953977))}
test:{'dev': (1360, (0.7959977765425236, 0.7466110531803962, 0.770513855259618), (0.6293793793793794, 0.6213713713713713, 0.6253497394953977)), 'test': (1322, (0.7814645308924485, 0.717436974789916, 0.7480832420591457), (0.6031031031031031, 0.5942609275942609, 0.5986493669369523))}
test:{'dev': (1354, (0.7974900171135196, 0.7288842544316997, 0.7616453282484337), (0.6325492158825492, 0.6115281948615282, 0.6218611105853518))}
test:{'dev': (1354, (0.7974900171135196, 0.7288842544316997, 0.7616453282484337), (0.6325492158825492, 0.6115281948615282, 0.6218611105853518)), 'test': (1321, (0.7813559322033898, 0.7263655462184874, 0.7528579205225912), (0.6272105438772104, 0.607816149482816, 0.6173610655447359))}
test:{'dev': (1342, (0.771295818275684, 0.7789363920750783, 0.7750972762645915), (0.6393059726393058, 0.6465632298965633, 0.6429141218199494))}
test:{'dev': (1342, (0.771295818275684, 0.7789363920750783, 0.7750972762645915), (0.6393059726393058, 0.6465632298965633, 0.6429141218199494)), 'test': (1327, (0.7562852744997435, 0.7741596638655462, 0.7651180898001558), (0.6361361361361361, 0.6412245578912245, 0.6386702120392448))}
test:{'dev': (1369, (0.8424744897959183, 0.6887382690302398, 0.7578886976477338), (0.6018518518518519, 0.5820820820820822, 0.5918019054776612))}
test:{'dev': (1369, (0.8424744897959183, 0.6887382690302398, 0.7578886976477338), (0.6018518518518519, 0.5820820820820822, 0.5918019054776612)), 'test': (1346, (0.8399738732854344, 0.6754201680672269, 0.7487627365356623), (0.5895061728395062, 0.569778111444778, 0.579474281501025))}
