test:{'dev': (979, (0.963302752293578, 0.3284671532846715, 0.4898911353032659), (0.3153153153153153, 0.30722389055722393, 0.31121701897529314))}
test:{'dev': (979, (0.963302752293578, 0.3284671532846715, 0.4898911353032659), (0.3153153153153153, 0.30722389055722393, 0.31121701897529314)), 'test': (974, (0.9457364341085271, 0.32037815126050423, 0.47861906630051), (0.3053053053053053, 0.2987153820487154, 0.3019743953316665))}
test:{'dev': (1310, (0.8239074550128535, 0.6684045881126173, 0.7380541162924582), (0.5723223223223223, 0.5583083083083085, 0.565228464409518))}
test:{'dev': (1310, (0.8239074550128535, 0.6684045881126173, 0.7380541162924582), (0.5723223223223223, 0.5583083083083085, 0.565228464409518)), 'test': (1287, (0.818241469816273, 0.654936974789916, 0.7275379229871645), (0.5616449783116451, 0.5449616282949615, 0.5531775430890964))}
test:{'dev': (1362, (0.7897881586094514, 0.7580813347236705, 0.7736100026602819), (0.6466466466466466, 0.6348848848848849, 0.6407117916588724))}
test:{'dev': (1362, (0.7897881586094514, 0.7580813347236705, 0.7736100026602819), (0.6466466466466466, 0.6348848848848849, 0.6407117916588724)), 'test': (1328, (0.7738359201773836, 0.7331932773109243, 0.7529665587918015), (0.6251251251251252, 0.6116533199866532, 0.6183158506700813))}
test:{'dev': (1366, (0.7834997372569626, 0.7773722627737226, 0.7804239727819943), (0.6468134801468134, 0.6495662328995662, 0.6481869339042836))}
test:{'dev': (1366, (0.7834997372569626, 0.7773722627737226, 0.7804239727819943), (0.6468134801468134, 0.6495662328995662, 0.6481869339042836)), 'test': (1337, (0.7620798319327731, 0.7620798319327731, 0.7620798319327731), (0.6306306306306307, 0.6318818818818818, 0.6312556362110375))}
test:{'dev': (1346, (0.8433503836317136, 0.6876955161626694, 0.7576105686387133), (0.6086086086086087, 0.5835835835835836, 0.5958334488981005))}
test:{'dev': (1346, (0.8433503836317136, 0.6876955161626694, 0.7576105686387133), (0.6086086086086087, 0.5835835835835836, 0.5958334488981005)), 'test': (1344, (0.832046332046332, 0.6790966386554622, 0.7478311162521689), (0.5985985985985987, 0.5738655321988654, 0.585971194060554))}
test:{'dev': (1357, (0.7815126050420168, 0.7758081334723671, 0.7786499215070645), (0.6467300633967301, 0.6437270603937271, 0.6452250677740874))}
test:{'dev': (1357, (0.7815126050420168, 0.7758081334723671, 0.7786499215070645), (0.6467300633967301, 0.6437270603937271, 0.6452250677740874)), 'test': (1327, (0.760482180293501, 0.7620798319327731, 0.7612801678908709), (0.631297964631298, 0.6311311311311311, 0.63121453685746))}
test:{'dev': (1372, (0.8035516093229744, 0.7549530761209593, 0.7784946236559139), (0.6391391391391391, 0.6293793793793793, 0.6342217143164075))}
test:{'dev': (1372, (0.8035516093229744, 0.7549530761209593, 0.7784946236559139), (0.6391391391391391, 0.6293793793793793, 0.6342217143164075)), 'test': (1335, (0.7699453551912568, 0.7400210084033614, 0.7546866630958757), (0.6276276276276275, 0.6159492826159492, 0.6217336198554336))}
test:{'dev': (1356, (0.774416135881104, 0.7606882168925965, 0.7674907943187796), (0.6398898898898899, 0.6335502168835503, 0.6367042727254965))}
test:{'dev': (1356, (0.774416135881104, 0.7606882168925965, 0.7674907943187796), (0.6398898898898899, 0.6335502168835503, 0.6367042727254965)), 'test': (1337, (0.7549634273772204, 0.7589285714285714, 0.7569408067050811), (0.6361361361361363, 0.6305055055055055, 0.6333083058362127))}
test:{'dev': (1371, (0.7996651785714286, 0.7471324296141815, 0.7725067385444744), (0.639139139139139, 0.6287954621287953, 0.6339251093198459))}
test:{'dev': (1371, (0.7996651785714286, 0.7471324296141815, 0.7725067385444744), (0.639139139139139, 0.6287954621287953, 0.6339251093198459)), 'test': (1346, (0.7785753727222529, 0.740546218487395, 0.7590847913862718), (0.6290457123790457, 0.6180347013680346, 0.6234915963901471))}
test:{'dev': (1379, (0.8095505617977528, 0.751303441084463, 0.7793401838831802), (0.6346346346346347, 0.6268768768768767, 0.6307319023050028))}
test:{'dev': (1379, (0.8095505617977528, 0.751303441084463, 0.7793401838831802), (0.6346346346346347, 0.6268768768768767, 0.6307319023050028)), 'test': (1336, (0.7832869080779944, 0.7384453781512605, 0.760205460935388), (0.6249582916249583, 0.613113113113113, 0.6189790383295302))}
test:{'dev': (1378, (0.7828601472134595, 0.7763295099061522, 0.7795811518324608), (0.6468134801468134, 0.6467300633967299, 0.6467717690821235))}
test:{'dev': (1378, (0.7828601472134595, 0.7763295099061522, 0.7795811518324608), (0.6468134801468134, 0.6467300633967299, 0.6467717690821235)), 'test': (1339, (0.7602739726027398, 0.7578781512605042, 0.7590741714886903), (0.6328828828828829, 0.6280447113780445, 0.630454515113155))}
test:{'dev': (1342, (0.7784398699891658, 0.7492179353493222, 0.7635494155154092), (0.630714047380714, 0.62671004337671, 0.6287056704220916))}
test:{'dev': (1342, (0.7784398699891658, 0.7492179353493222, 0.7635494155154092), (0.630714047380714, 0.62671004337671, 0.6287056704220916)), 'test': (1328, (0.7674042093901781, 0.7468487394957983, 0.7569869576789993), (0.6293793793793795, 0.6210377043710377, 0.6251807177424256))}
test:{'dev': (1367, (0.7856371490280778, 0.7586027111574557, 0.7718832891246684), (0.6425592258925593, 0.6353853853853852, 0.6389521701858517))}
test:{'dev': (1367, (0.7856371490280778, 0.7586027111574557, 0.7718832891246684), (0.6425592258925593, 0.6353853853853852, 0.6389521701858517)), 'test': (1334, (0.7646426652337452, 0.7473739495798319, 0.7559096945551129), (0.6287954621287956, 0.6203703703703702, 0.6245545044209485))}
test:{'dev': (1353, (0.7811320754716982, 0.7554744525547445, 0.7680890538033396), (0.6353853853853854, 0.6317984651317983, 0.6335868486483982))}
test:{'dev': (1353, (0.7811320754716982, 0.7554744525547445, 0.7680890538033396), (0.6353853853853854, 0.6317984651317983, 0.6335868486483982)), 'test': (1320, (0.7664509169363538, 0.7463235294117647, 0.7562533262373602), (0.6303803803803802, 0.6198698698698698, 0.6250809456373906))}
test:{'dev': (1359, (0.7994350282485876, 0.737747653806048, 0.7673535791757051), (0.6268768768768769, 0.6182015348682015, 0.6225089822503731))}
test:{'dev': (1359, (0.7994350282485876, 0.737747653806048, 0.7673535791757051), (0.6268768768768769, 0.6182015348682015, 0.6225089822503731)), 'test': (1334, (0.7844141069397043, 0.7242647058823529, 0.7531403604587656), (0.6151985318651986, 0.6025191858525192, 0.6087928477411055))}
test:{'dev': (1362, (0.789015769439913, 0.7565172054223149, 0.7724248070268831), (0.6416416416416415, 0.633717050383717, 0.6376547258226896))}
test:{'dev': (1362, (0.789015769439913, 0.7565172054223149, 0.7724248070268831), (0.6416416416416415, 0.633717050383717, 0.6376547258226896)), 'test': (1323, (0.7685235262303948, 0.7463235294117647, 0.7572608579802824), (0.6299632966299633, 0.6198698698698698, 0.624875826904793))}
test:{'dev': (1347, (0.787199124726477, 0.7502606882168926, 0.7682861719167111), (0.6299632966299632, 0.6258758758758757, 0.6279129345220343))}
test:{'dev': (1347, (0.787199124726477, 0.7502606882168926, 0.7682861719167111), (0.6299632966299632, 0.6258758758758757, 0.6279129345220343)), 'test': (1331, (0.7707767517653449, 0.7452731092436975, 0.7578104138851801), (0.624290957624291, 0.6184517851184517, 0.6213576533529994))}
test:{'dev': (1348, (0.7765392781316348, 0.7627737226277372, 0.769594950026302), (0.6418918918918918, 0.6380547213880545, 0.639967554885438))}
test:{'dev': (1348, (0.7765392781316348, 0.7627737226277372, 0.769594950026302), (0.6418918918918918, 0.6380547213880545, 0.639967554885438)), 'test': (1307, (0.756885593220339, 0.7505252100840336, 0.753691983122363), (0.6327994661327995, 0.6254587921254587, 0.6291077163966761))}
test:{'dev': (1364, (0.7802313354363828, 0.7737226277372263, 0.7769633507853403), (0.6476476476476475, 0.6457290623957289, 0.6466869320142457))}
test:{'dev': (1364, (0.7802313354363828, 0.7737226277372263, 0.7769633507853403), (0.6476476476476475, 0.6457290623957289, 0.6466869320142457)), 'test': (1316, (0.7581664910432033, 0.7557773109243697, 0.7569700157811677), (0.6355522188855521, 0.6278778778778777, 0.6316917405983826))}
test:{'dev': (1361, (0.7885343428880476, 0.7601668404588112, 0.7740907884258029), (0.6361361361361362, 0.6332999666332998, 0.6347148831049475))}
test:{'dev': (1361, (0.7885343428880476, 0.7601668404588112, 0.7740907884258029), (0.6361361361361362, 0.6332999666332998, 0.6347148831049475)), 'test': (1321, (0.7641711229946524, 0.7505252100840336, 0.7572866984631691), (0.6279612946279614, 0.622122122122122, 0.6250280709108949))}
test:{'dev': (1361, (0.7865168539325843, 0.7664233576642335, 0.7763401109057302), (0.6441441441441441, 0.6408908908908908, 0.6425133994754246))}
test:{'dev': (1361, (0.7865168539325843, 0.7664233576642335, 0.7763401109057302), (0.6441441441441441, 0.6408908908908908, 0.6425133994754246)), 'test': (1327, (0.7652081109925294, 0.7531512605042017, 0.7591318157755427), (0.6331331331331331, 0.6261261261261261, 0.6296101347770664))}
test:{'dev': (1351, (0.7779535864978903, 0.7690302398331595, 0.7734661772417409), (0.6423089756423089, 0.6415582248915581, 0.6419333807634329))}
test:{'dev': (1351, (0.7779535864978903, 0.7690302398331595, 0.7734661772417409), (0.6423089756423089, 0.6415582248915581, 0.6419333807634329)), 'test': (1321, (0.7586568730325288, 0.759453781512605, 0.7590551181102362), (0.6326326326326326, 0.6298798798798798, 0.6312532552373978))}
test:{'dev': (1354, (0.7868321640582838, 0.7601668404588112, 0.7732696897374701), (0.6384718051384718, 0.6353853853853852, 0.6369248562294203))}
test:{'dev': (1354, (0.7868321640582838, 0.7601668404588112, 0.7732696897374701), (0.6384718051384718, 0.6353853853853852, 0.6369248562294203)), 'test': (1314, (0.7622863247863247, 0.7494747899159664, 0.7558262711864407), (0.6282115448782116, 0.6223723723723723, 0.6252783266190417))}
test:{'dev': (1358, (0.7858672376873662, 0.7653806047966631, 0.7754886423666139), (0.6423923923923924, 0.6393059726393058, 0.6408454663579948))}
test:{'dev': (1358, (0.7858672376873662, 0.7653806047966631, 0.7754886423666139), (0.6423923923923924, 0.6393059726393058, 0.6408454663579948)), 'test': (1320, (0.76071995764955, 0.7547268907563025, 0.7577115739520168), (0.6322155488822155, 0.6266266266266265, 0.6294086810951166))}
