test:{'dev': (1094, (0.9010309278350516, 0.4556830031282586, 0.6052631578947368), (0.4124124124124124, 0.39564564564564564, 0.4038550783673112))}
test:{'dev': (1094, (0.9010309278350516, 0.4556830031282586, 0.6052631578947368), (0.4124124124124124, 0.39564564564564564, 0.4038550783673112)), 'test': (1100, (0.8976793248945147, 0.44695378151260506, 0.5967741935483871), (0.39864864864864863, 0.38772105438772103, 0.3931089251976066))}
test:{'dev': (1331, (0.7862298722931704, 0.7382690302398331, 0.7614950255445012), (0.6113613613613613, 0.6124457791124458, 0.6119030897846248))}
test:{'dev': (1331, (0.7862298722931704, 0.7382690302398331, 0.7614950255445012), (0.6113613613613613, 0.6124457791124458, 0.6119030897846248)), 'test': (1293, (0.7692743764172335, 0.7127100840336135, 0.7399127589967284), (0.5880046713380045, 0.5864197530864198, 0.5872111427666983))}
test:{'dev': (1384, (0.8034330011074197, 0.7565172054223149, 0.7792696025778731), (0.646896896896897, 0.6317150483817151, 0.6392158403183978))}
test:{'dev': (1384, (0.8034330011074197, 0.7565172054223149, 0.7792696025778731), (0.646896896896897, 0.6317150483817151, 0.6392158403183978)), 'test': (1343, (0.7793296089385475, 0.7326680672268907, 0.7552788305360042), (0.6278778778778779, 0.6110276943610277, 0.6193381976104841))}
test:{'dev': (1380, (0.7979414951245937, 0.7679874869655892, 0.7826780021253984), (0.6433933933933933, 0.6406406406406405, 0.6420140662978314))}
test:{'dev': (1380, (0.7979414951245937, 0.7679874869655892, 0.7826780021253984), (0.6433933933933933, 0.6406406406406405, 0.6420140662978314)), 'test': (1345, (0.7704654895666132, 0.7563025210084033, 0.7633183143387225), (0.6273773773773774, 0.627544210877544, 0.6274607830377571))}
test:{'dev': (1367, (0.8429022082018928, 0.6965589155370178, 0.7627747644875821), (0.6218718718718719, 0.5956790123456792, 0.6084937019782184))}
test:{'dev': (1367, (0.8429022082018928, 0.6965589155370178, 0.7627747644875821), (0.6218718718718719, 0.5956790123456792, 0.6084937019782184)), 'test': (1346, (0.8129981606376456, 0.6964285714285714, 0.7502121640735503), (0.6141975308641976, 0.5887554220887553, 0.6012074298369748))}
test:{'dev': (1354, (0.7769556025369979, 0.7664233576642335, 0.7716535433070865), (0.6421421421421422, 0.639139139139139, 0.6406371214964964))}
test:{'dev': (1354, (0.7769556025369979, 0.7664233576642335, 0.7716535433070865), (0.6421421421421422, 0.639139139139139, 0.6406371214964964)), 'test': (1342, (0.7684545937334042, 0.7599789915966386, 0.7641932928439398), (0.6339673006339672, 0.6285452118785451, 0.631244613184928))}
test:{'dev': (1367, (0.7987736900780379, 0.7471324296141815, 0.7720905172413794), (0.6364698031364698, 0.6257090423757091, 0.6310435520886473))}
test:{'dev': (1367, (0.7987736900780379, 0.7471324296141815, 0.7720905172413794), (0.6364698031364698, 0.6257090423757091, 0.6310435520886473)), 'test': (1333, (0.7842696629213484, 0.7331932773109243, 0.757871878393051), (0.6197864531197866, 0.6101935268601935, 0.614952581155814))}
test:{'dev': (1350, (0.7754038561750912, 0.7758081334723671, 0.7756059421422987), (0.6508174841508174, 0.646312979646313, 0.6485574105724159))}
test:{'dev': (1350, (0.7754038561750912, 0.7758081334723671, 0.7756059421422987), (0.6508174841508174, 0.646312979646313, 0.6485574105724159)), 'test': (1333, (0.7648605996843767, 0.7636554621848739, 0.764257555847569), (0.6357190523857192, 0.6314230897564228, 0.633563788819815))}
test:{'dev': (1351, (0.7903494176372712, 0.7429614181438999, 0.7659231389411448), (0.6393059726393058, 0.6245412078745413, 0.6318373463336391))}
test:{'dev': (1351, (0.7903494176372712, 0.7429614181438999, 0.7659231389411448), (0.6393059726393058, 0.6245412078745413, 0.6318373463336391)), 'test': (1345, (0.7833333333333333, 0.740546218487395, 0.7613390928725703), (0.6316316316316316, 0.6164080747414079, 0.623927004904848))}
test:{'dev': (1362, (0.7901033170201196, 0.7575599582898853, 0.7734894862922544), (0.6437270603937271, 0.6340507173840507, 0.6388522504312207))}
test:{'dev': (1362, (0.7901033170201196, 0.7575599582898853, 0.7734894862922544), (0.6437270603937271, 0.6340507173840507, 0.6388522504312207)), 'test': (1338, (0.773095623987034, 0.7515756302521008, 0.7621837549933422), (0.6312979646312981, 0.6225809142475808, 0.6269091386788667))}
test:{'dev': (1371, (0.7971412864211105, 0.7559958289885297, 0.776023548300776), (0.637721054387721, 0.6310477143810478, 0.6343668345092847))}
test:{'dev': (1371, (0.7971412864211105, 0.7559958289885297, 0.776023548300776), (0.637721054387721, 0.6310477143810478, 0.6343668345092847)), 'test': (1332, (0.7769823788546255, 0.7410714285714286, 0.7586021505376345), (0.6232899566232899, 0.6166583249916581, 0.6199564067863259))}
test:{'dev': (1364, (0.7964601769911505, 0.7507820646506778, 0.7729468599033817), (0.6393893893893893, 0.6302135468802135, 0.6347683097026067))}
test:{'dev': (1364, (0.7964601769911505, 0.7507820646506778, 0.7729468599033817), (0.6393893893893893, 0.6302135468802135, 0.6347683097026067)), 'test': (1333, (0.7785714285714286, 0.7442226890756303, 0.7610096670247046), (0.627293960627294, 0.6212045378712043, 0.6242343989832909))}
test:{'dev': (1344, (0.780343716433942, 0.7575599582898853, 0.7687830687830688), (0.639723056389723, 0.6340507173840507, 0.6368742569244643))}
test:{'dev': (1344, (0.780343716433942, 0.7575599582898853, 0.7687830687830688), (0.639723056389723, 0.6340507173840507, 0.6368742569244643)), 'test': (1326, (0.7648634172469202, 0.75, 0.7573587907716786), (0.6293793793793793, 0.6230397063730395, 0.6261934973470873))}
test:{'dev': (1345, (0.7859108420473307, 0.7445255474452555, 0.7646586345381526), (0.6307974641307974, 0.6236236236236237, 0.6271900308341324))}
test:{'dev': (1345, (0.7859108420473307, 0.7445255474452555, 0.7646586345381526), (0.6307974641307974, 0.6236236236236237, 0.6271900308341324)), 'test': (1309, (0.7623172712506767, 0.7394957983193278, 0.750733137829912), (0.6170337003670336, 0.6147814481147814, 0.6159055152305869))}
test:{'dev': (1347, (0.797645739910314, 0.7419186652763295, 0.7687736358725014), (0.6285452118785453, 0.6210377043710377, 0.6247689055321454))}
test:{'dev': (1347, (0.797645739910314, 0.7419186652763295, 0.7687736358725014), (0.6285452118785453, 0.6210377043710377, 0.6247689055321454)), 'test': (1323, (0.7769744160177976, 0.7337184873949579, 0.7547271745002702), (0.6155321988655321, 0.6103186519853185, 0.6129143388111552))}
test:{'dev': (1336, (0.7658486707566462, 0.781021897810219, 0.7733608673205988), (0.6436436436436436, 0.6510677344010676, 0.6473344035356792))}
test:{'dev': (1336, (0.7658486707566462, 0.781021897810219, 0.7733608673205988), (0.6436436436436436, 0.6510677344010676, 0.6473344035356792)), 'test': (1310, (0.7479633401221996, 0.7715336134453782, 0.7595656670113754), (0.6292125458792125, 0.6370120120120119, 0.6330882580594362))}
test:{'dev': (1351, (0.7846813069094805, 0.7638164754953076, 0.7741083223249671), (0.6416416416416415, 0.6380547213880546, 0.6398431545423267))}
test:{'dev': (1351, (0.7846813069094805, 0.7638164754953076, 0.7741083223249671), (0.6416416416416415, 0.6380547213880546, 0.6398431545423267)), 'test': (1315, (0.7624867162592986, 0.7536764705882353, 0.7580559957739038), (0.6264597931264597, 0.624833166499833, 0.6256454225410815))}
test:{'dev': (1337, (0.7709090909090909, 0.7737226277372263, 0.772313296903461), (0.6438938938938938, 0.6461461461461462, 0.6450180539414293))}
test:{'dev': (1337, (0.7709090909090909, 0.7737226277372263, 0.772313296903461), (0.6438938938938938, 0.6461461461461462, 0.6450180539414293)), 'test': (1324, (0.7596454640250261, 0.7652310924369747, 0.7624280481423338), (0.6330497163830496, 0.6334668001334667, 0.6332581895821482))}
test:{'dev': (1352, (0.7800105764145955, 0.7690302398331595, 0.7744814912050407), (0.6393893893893893, 0.6406406406406405, 0.6400144034552635))}
test:{'dev': (1352, (0.7800105764145955, 0.7690302398331595, 0.7744814912050407), (0.6393893893893893, 0.6406406406406405, 0.6400144034552635)), 'test': (1333, (0.7673924588422729, 0.7589285714285714, 0.7631370477950884), (0.62671004337671, 0.6267517517517517, 0.6267308968703171))}
test:{'dev': (1350, (0.7824, 0.764859228362878, 0.7735301871869233), (0.6351351351351352, 0.6366366366366366, 0.6358849995213631))}
test:{'dev': (1350, (0.7824, 0.764859228362878, 0.7735301871869233), (0.6351351351351352, 0.6366366366366366, 0.6358849995213631)), 'test': (1328, (0.7653601694915254, 0.7589285714285714, 0.7621308016877637), (0.6247914581247915, 0.6265849182515847, 0.6256869030036156))}
test:{'dev': (1349, (0.778072033898305, 0.7659019812304484, 0.7719390436153443), (0.639723056389723, 0.6390557223890558, 0.6393892152644056))}
test:{'dev': (1349, (0.778072033898305, 0.7659019812304484, 0.7719390436153443), (0.639723056389723, 0.6390557223890558, 0.6393892152644056)), 'test': (1330, (0.7642706131078224, 0.759453781512605, 0.7618545837723919), (0.6274607941274607, 0.6277527527527528, 0.6276067394857892))}
test:{'dev': (1353, (0.7777777777777778, 0.7664233576642335, 0.7720588235294117), (0.6424758091424757, 0.6404738071404737, 0.6414732461113042))}
test:{'dev': (1353, (0.7777777777777778, 0.7664233576642335, 0.7720588235294117), (0.6424758091424757, 0.6404738071404737, 0.6414732461113042)), 'test': (1333, (0.7672322375397667, 0.7599789915966386, 0.7635883905013192), (0.6282115448782116, 0.6295045045045043, 0.6288573600959606))}
test:{'dev': (1354, (0.7770163415919874, 0.7685088633993743, 0.7727391874180864), (0.644144144144144, 0.6419753086419753, 0.6430578976953344))}
test:{'dev': (1354, (0.7770163415919874, 0.7685088633993743, 0.7727391874180864), (0.644144144144144, 0.6419753086419753, 0.6430578976953344)), 'test': (1335, (0.767762460233298, 0.7605042016806722, 0.7641160949868073), (0.6302135468802136, 0.6303386720053386, 0.6302761032326816))}
test:{'dev': (1351, (0.7771338250790305, 0.7690302398331595, 0.7730607966457024), (0.643727060393727, 0.6421421421421422, 0.6429336245100111))}
test:{'dev': (1351, (0.7771338250790305, 0.7690302398331595, 0.7730607966457024), (0.643727060393727, 0.6421421421421422, 0.6429336245100111)), 'test': (1326, (0.7643951399894348, 0.7599789915966386, 0.7621806689491704), (0.6282115448782116, 0.6295879212545878, 0.628898980000438))}
