test:{'dev': (954, (0.7961859356376639, 0.3482794577685089, 0.48458469350743566), (0.33433433433433435, 0.3228228228228228, 0.3284777542203285))}
test:{'dev': (954, (0.7961859356376639, 0.3482794577685089, 0.48458469350743566), (0.33433433433433435, 0.3228228228228228, 0.3284777542203285)), 'test': (966, (0.7946859903381642, 0.34558823529411764, 0.4816983894582723), (0.32932932932932935, 0.3192776109442776, 0.32422558240833593))}
test:{'dev': (1001, (0.7416387959866221, 0.4624608967674661, 0.5696852922286448), (0.4216716716716717, 0.39898231564898234, 0.41001333718349375))}
test:{'dev': (1001, (0.7416387959866221, 0.4624608967674661, 0.5696852922286448), (0.4216716716716717, 0.39898231564898234, 0.41001333718349375)), 'test': (1014, (0.7360876897133221, 0.4585084033613445, 0.5650485436893203), (0.41766766766766766, 0.39685518852185525, 0.40699553052976173))}
test:{'dev': (1168, (0.7907979870596693, 0.5735140771637122, 0.6648534300392868), (0.4974974974974975, 0.4876543209876543, 0.49252673503308564))}
test:{'dev': (1168, (0.7907979870596693, 0.5735140771637122, 0.6648534300392868), (0.4974974974974975, 0.4876543209876543, 0.49252673503308564)), 'test': (1175, (0.7726947819871337, 0.5677521008403361, 0.654556463820769), (0.497997997997998, 0.48602769436102766, 0.49194003905147043))}
test:{'dev': (1185, (0.7905646890636169, 0.5766423357664233, 0.6668676514923123), (0.4964964964964965, 0.4896563229896564, 0.4930526872668643))}
test:{'dev': (1185, (0.7905646890636169, 0.5766423357664233, 0.6668676514923123), (0.4964964964964965, 0.4896563229896564, 0.4930526872668643)), 'test': (1185, (0.777292576419214, 0.5609243697478992, 0.6516168395363027), (0.48565231898565236, 0.4776026026026026, 0.48159382591077765))}
test:{'dev': (1143, (0.7805429864253394, 0.5396246089676746, 0.6381011097410604), (0.4702202202202202, 0.4541207874541208, 0.46203030031204384))}
test:{'dev': (1143, (0.7805429864253394, 0.5396246089676746, 0.6381011097410604), (0.4702202202202202, 0.4541207874541208, 0.46203030031204384)), 'test': (1159, (0.7793893129770992, 0.5362394957983193, 0.6353453640323585), (0.47397397397397395, 0.45391224557891235, 0.46372623353789355))}
test:{'dev': (1206, (0.7670869276708693, 0.602711157455683, 0.675036496350365), (0.5175175175175175, 0.5092592592592593, 0.5133551782345348))}
test:{'dev': (1206, (0.7670869276708693, 0.602711157455683, 0.675036496350365), (0.5175175175175175, 0.5092592592592593, 0.5133551782345348)), 'test': (1188, (0.753968253968254, 0.5987394957983193, 0.667447306791569), (0.516016016016016, 0.505005005005005, 0.5104511374119217))}
test:{'dev': (1213, (0.7069555302166477, 0.6465067778936392, 0.6753812636165577), (0.5615615615615616, 0.5449616282949618, 0.5531370797861563))}
test:{'dev': (1213, (0.7069555302166477, 0.6465067778936392, 0.6753812636165577), (0.5615615615615616, 0.5449616282949618, 0.5531370797861563)), 'test': (1203, (0.68921185019564, 0.6475840336134454, 0.6677497969130788), (0.5637303970637305, 0.5442942942942943, 0.5538418792201824))}
test:{'dev': (1228, (0.7275280898876404, 0.6751824817518248, 0.7003785830178474), (0.5769102435769102, 0.565815815815816, 0.5713091732509209))}
test:{'dev': (1228, (0.7275280898876404, 0.6751824817518248, 0.7003785830178474), (0.5769102435769102, 0.565815815815816, 0.5713091732509209)), 'test': (1247, (0.7231121281464531, 0.6638655462184874, 0.6922234392113911), (0.5708208208208209, 0.5575158491825158, 0.564089891096138))}
test:{'dev': (1211, (0.709531866892273, 0.6558915537017727, 0.6816580872392306), (0.5683183183183184, 0.5552218885552218, 0.561693774849911))}
test:{'dev': (1211, (0.709531866892273, 0.6558915537017727, 0.6816580872392306), (0.5683183183183184, 0.5552218885552218, 0.561693774849911)), 'test': (1207, (0.7111496244945118, 0.6465336134453782, 0.6773039889958735), (0.5658158158158159, 0.5486736736736737, 0.5571129117216463))}
test:{'dev': (1174, (0.7253918495297805, 0.6032325338894682, 0.6586962709934528), (0.5434601267934602, 0.5228561895228562, 0.5329590979803502))}
test:{'dev': (1174, (0.7253918495297805, 0.6032325338894682, 0.6586962709934528), (0.5434601267934602, 0.5228561895228562, 0.5329590979803502)), 'test': (1162, (0.7213836477987421, 0.6024159663865546, 0.656554092730395), (0.5363697030363699, 0.5192275608942277, 0.5276594439211165))}
test:{'dev': (1242, (0.7204545454545455, 0.6611053180396246, 0.689505165851006), (0.5668168168168167, 0.5543877210543877, 0.5605333776600795))}
test:{'dev': (1242, (0.7204545454545455, 0.6611053180396246, 0.689505165851006), (0.5668168168168167, 0.5543877210543877, 0.5605333776600795)), 'test': (1233, (0.7229056824838899, 0.648109243697479, 0.6834671836056494), (0.5583917250583916, 0.5430013346680013, 0.5505890005328284))}
test:{'dev': (1200, (0.6940494997367035, 0.6871741397288843, 0.6905947078857742), (0.5694027360694027, 0.5724891558224893, 0.5709417748037564))}
test:{'dev': (1200, (0.6940494997367035, 0.6871741397288843, 0.6905947078857742), (0.5694027360694027, 0.5724891558224893, 0.5709417748037564)), 'test': (1177, (0.6790058170280275, 0.6743697478991597, 0.6766798418972332), (0.5655655655655656, 0.5629379379379378, 0.5642486926443019))}
test:{'dev': (1189, (0.6923485653560042, 0.6793534932221064, 0.6857894736842105), (0.5680680680680679, 0.5669836503169836, 0.5675253411712586))}
test:{'dev': (1189, (0.6923485653560042, 0.6793534932221064, 0.6857894736842105), (0.5680680680680679, 0.5669836503169836, 0.5675253411712586)), 'test': (1201, (0.6930481283422459, 0.680672268907563, 0.6868044515103339), (0.5714881548214881, 0.5684017350684017, 0.5699407664769293))}
test:{'dev': (1180, (0.6762442278091328, 0.6871741397288843, 0.6816653736746833), (0.5689856523189857, 0.5716549883216551, 0.5703171969199954))}
test:{'dev': (1180, (0.6762442278091328, 0.6871741397288843, 0.6816653736746833), (0.5689856523189857, 0.5716549883216551, 0.5703171969199954)), 'test': (1190, (0.6856256463288521, 0.6964285714285714, 0.6909848879624805), (0.5777444110777445, 0.5801217884551217, 0.5789306591030833))}
test:{'dev': (1222, (0.7359484777517564, 0.6553701772679875, 0.6933259790402648), (0.5643143143143143, 0.5528028028028028, 0.5584992474553406))}
test:{'dev': (1222, (0.7359484777517564, 0.6553701772679875, 0.6933259790402648), (0.5643143143143143, 0.5528028028028028, 0.5584992474553406)), 'test': (1205, (0.731575793888556, 0.6412815126050421, 0.6834592779177162), (0.557640974307641, 0.536327994661328, 0.5467768720593202))}
test:{'dev': (1154, (0.6822478991596639, 0.6772679874869656, 0.6797488226059655), (0.5768268268268268, 0.5717384050717385, 0.5742713444797838))}
test:{'dev': (1154, (0.6822478991596639, 0.6772679874869656, 0.6797488226059655), (0.5768268268268268, 0.5717384050717385, 0.5742713444797838)), 'test': (1139, (0.6707252514557968, 0.6654411764705882, 0.6680727656208806), (0.5704871538204872, 0.5617701034367701, 0.5660950731062837))}
test:{'dev': (1148, (0.6793852676205617, 0.6684045881126173, 0.6738501971090669), (0.5563897230563898, 0.556222889556223, 0.5563062937981718))}
test:{'dev': (1148, (0.6793852676205617, 0.6684045881126173, 0.6738501971090669), (0.5563897230563898, 0.556222889556223, 0.5563062937981718)), 'test': (1152, (0.6801728795245813, 0.6612394957983193, 0.6705725699067909), (0.5577243910577244, 0.5532615949282615, 0.5554840295364127))}
test:{'dev': (1199, (0.7049622437971953, 0.6814389989572471, 0.693001060445387), (0.5747414080747414, 0.5710710710710709, 0.5729003610482934))}
test:{'dev': (1199, (0.7049622437971953, 0.6814389989572471, 0.693001060445387), (0.5747414080747414, 0.5710710710710709, 0.5729003610482934)), 'test': (1174, (0.6924342105263158, 0.6633403361344538, 0.6775751072961373), (0.5630630630630631, 0.5563063063063063, 0.5596642920586583))}
test:{'dev': (1196, (0.6889460154241646, 0.6986444212721585, 0.693761325394771), (0.5884217550884218, 0.5868368368368369, 0.5876282272761796))}
test:{'dev': (1196, (0.6889460154241646, 0.6986444212721585, 0.693761325394771), (0.5884217550884218, 0.5868368368368369, 0.5876282272761796)), 'test': (1168, (0.6829776158250911, 0.6890756302521008, 0.6860130718954248), (0.5827494160827494, 0.5783283283283283, 0.5805304550185647))}
test:{'dev': (1213, (0.7068783068783069, 0.6965589155370178, 0.7016806722689075), (0.5949699699699699, 0.5865865865865867, 0.5907485373756686))}
test:{'dev': (1213, (0.7068783068783069, 0.6965589155370178, 0.7016806722689075), (0.5949699699699699, 0.5865865865865867, 0.5907485373756686)), 'test': (1181, (0.6932121859967931, 0.6811974789915967, 0.6871523178807948), (0.586086086086086, 0.5744911578244911, 0.5802307014842054))}
test:{'dev': (1218, (0.7121374865735768, 0.6913451511991658, 0.7015873015873016), (0.5824157490824156, 0.5785785785785785, 0.5804908227670118))}
test:{'dev': (1218, (0.7121374865735768, 0.6913451511991658, 0.7015873015873016), (0.5824157490824156, 0.5785785785785785, 0.5804908227670118)), 'test': (1191, (0.6963123644251626, 0.6743697478991597, 0.6851654215581644), (0.571071071071071, 0.5647313980647313, 0.5678835415909446))}
test:{'dev': (1217, (0.7210323997803405, 0.6845672575599583, 0.702326825354373), (0.5781614948281614, 0.574657991324658, 0.5764044193735461))}
test:{'dev': (1217, (0.7210323997803405, 0.6845672575599583, 0.702326825354373), (0.5781614948281614, 0.574657991324658, 0.5764044193735461)), 'test': (1164, (0.7022815804117974, 0.6628151260504201, 0.681977843825993), (0.5617283950617284, 0.5556806806806807, 0.5586881719538209))}
test:{'dev': (1228, (0.7253052164261932, 0.6814389989572471, 0.7026881720430108), (0.5803303303303302, 0.5720720720720722, 0.5761716113507644))}
test:{'dev': (1228, (0.7253052164261932, 0.6814389989572471, 0.7026881720430108), (0.5803303303303302, 0.5720720720720722, 0.5761716113507644)), 'test': (1184, (0.705685618729097, 0.6649159663865546, 0.6846944294213088), (0.5669836503169837, 0.5569736403069737, 0.5619340705308744))}
test:{'dev': (1238, (0.725673446948873, 0.6882168925964547, 0.7064490232807065), (0.5829996663329996, 0.5770770770770772, 0.5800232532813249))}
test:{'dev': (1238, (0.725673446948873, 0.6882168925964547, 0.7064490232807065), (0.5829996663329996, 0.5770770770770772, 0.5800232532813249)), 'test': (1185, (0.707641196013289, 0.6712184873949579, 0.6889487870619946), (0.5711544878211544, 0.5621454788121454, 0.5666141753903665))}
