test:{'dev': (982, (0.6801948051948052, 0.4369134515119917, 0.5320634920634921), (0.38421755088421755, 0.3743743743743744, 0.3792321021263181))}
test:{'dev': (982, (0.6801948051948052, 0.4369134515119917, 0.5320634920634921), (0.38421755088421755, 0.3743743743743744, 0.3792321021263181)), 'test': (987, (0.6701782820097245, 0.43434873949579833, 0.527087316762269), (0.38513513513513514, 0.3734567901234569, 0.3792060699362218))}
test:{'dev': (1086, (0.8157635467980295, 0.4316996871741397, 0.5646096147289464), (0.4144144144144144, 0.3976476476476477, 0.4058579380613279))}
test:{'dev': (1086, (0.8157635467980295, 0.4316996871741397, 0.5646096147289464), (0.4144144144144144, 0.3976476476476477, 0.4058579380613279)), 'test': (1088, (0.8055009823182712, 0.43067226890756305, 0.5612594113620807), (0.41016016016016016, 0.3929346012679346, 0.4013626454291217))}
test:{'dev': (1196, (0.7527579493835171, 0.6047966631908238, 0.6707140792136456), (0.5287787787787788, 0.5161828495161829, 0.5224048987120753))}
test:{'dev': (1196, (0.7527579493835171, 0.6047966631908238, 0.6707140792136456), (0.5287787787787788, 0.5161828495161829, 0.5224048987120753)), 'test': (1195, (0.7498367080339647, 0.6029411764705882, 0.6684133915574965), (0.5292792792792793, 0.5148064731398065, 0.5219425673426393))}
test:{'dev': (1125, (0.7464454976303317, 0.4927007299270073, 0.5935929648241206), (0.4587921254587921, 0.4471137804471139, 0.45287767816926816))}
test:{'dev': (1125, (0.7464454976303317, 0.4927007299270073, 0.5935929648241206), (0.4587921254587921, 0.4471137804471139, 0.45287767816926816)), 'test': (1128, (0.7606084867894315, 0.4989495798319328, 0.6026006977481764), (0.4650483817150484, 0.4461544878211546, 0.4554055512615804))}
test:{'dev': (1157, (0.7222578576010263, 0.5870698644421272, 0.6476847857348289), (0.5045045045045045, 0.48973973973973983, 0.49701249197851266))}
test:{'dev': (1157, (0.7222578576010263, 0.5870698644421272, 0.6476847857348289), (0.5045045045045045, 0.48973973973973983, 0.49701249197851266)), 'test': (1156, (0.7338501291989664, 0.5966386554621849, 0.6581691772885283), (0.5134300967634302, 0.49683016349683023, 0.5049937505281133))}
test:{'dev': (1184, (0.7371134020618557, 0.5964546402502607, 0.6593659942363113), (0.5011678345011678, 0.4952452452452453, 0.49818893820568166))}
test:{'dev': (1184, (0.7371134020618557, 0.5964546402502607, 0.6593659942363113), (0.5011678345011678, 0.4952452452452453, 0.49818893820568166)), 'test': (1178, (0.7407894736842106, 0.5913865546218487, 0.6577102803738318), (0.5011678345011679, 0.4905739072405739, 0.4958142879470718))}
test:{'dev': (1161, (0.6616297895304911, 0.6392075078206465, 0.6502254044020155), (0.5403737070403737, 0.5313646980313647, 0.535831337771977))}
test:{'dev': (1161, (0.6616297895304911, 0.6392075078206465, 0.6502254044020155), (0.5403737070403737, 0.5313646980313647, 0.535831337771977)), 'test': (1193, (0.6931072210065645, 0.6654411764705882, 0.6789924973204715), (0.5688188188188188, 0.5548048048048047, 0.5617244192968023))}
test:{'dev': (1228, (0.7311265969802555, 0.6564129301355579, 0.6917582417582417), (0.5603937270603937, 0.5477143810477144, 0.5539815133812925))}
test:{'dev': (1228, (0.7311265969802555, 0.6564129301355579, 0.6917582417582417), (0.5603937270603937, 0.5477143810477144, 0.5539815133812925)), 'test': (1209, (0.7250448296473401, 0.6370798319327731, 0.6782219737209952), (0.5503003003003003, 0.5332415749082416, 0.5416366557095608))}
test:{'dev': (1210, (0.7473015873015874, 0.613660062565172, 0.6739192671056399), (0.5342842842842843, 0.517183850517184, 0.5255950119099664))}
test:{'dev': (1210, (0.7473015873015874, 0.613660062565172, 0.6739192671056399), (0.5342842842842843, 0.517183850517184, 0.5255950119099664)), 'test': (1212, (0.7543186180422264, 0.6192226890756303, 0.6801269108739544), (0.5435435435435435, 0.5253586920253587, 0.5342964315962598))}
test:{'dev': (1250, (0.7663209273947529, 0.6548488008342023, 0.706213100927748), (0.5634801468134802, 0.5518852185518851, 0.5576224143770825))}
test:{'dev': (1250, (0.7663209273947529, 0.6548488008342023, 0.706213100927748), (0.5634801468134802, 0.5518852185518851, 0.5576224143770825)), 'test': (1231, (0.770012706480305, 0.6365546218487395, 0.6969522714203565), (0.5508842175508841, 0.533908908908909, 0.5422637447705693))}
test:{'dev': (1222, (0.7084257206208425, 0.6663190823774765, 0.6867275658248253), (0.5785785785785785, 0.5617283950617283, 0.5700289902191877))}
test:{'dev': (1222, (0.7084257206208425, 0.6663190823774765, 0.6867275658248253), (0.5785785785785785, 0.5617283950617283, 0.5700289902191877)), 'test': (1189, (0.7088963963963963, 0.6612394957983193, 0.6842391304347826), (0.5765765765765766, 0.556348014681348, 0.566281703416777))}
test:{'dev': (1154, (0.6762007555315704, 0.6532846715328468, 0.6645452134712279), (0.545628962295629, 0.5472972972972973, 0.5464618564526976))}
test:{'dev': (1154, (0.6762007555315704, 0.6532846715328468, 0.6645452134712279), (0.545628962295629, 0.5472972972972973, 0.5464618564526976)), 'test': (1152, (0.678416485900217, 0.6570378151260504, 0.6675560298826041), (0.549632966299633, 0.548923923923924, 0.5492782162929094))}
test:{'dev': (1129, (0.6353924756154203, 0.7132429614181439, 0.6720707442888726), (0.5767017017017018, 0.5957624290957625, 0.5860771304547764))}
test:{'dev': (1129, (0.6353924756154203, 0.7132429614181439, 0.6720707442888726), (0.5767017017017018, 0.5957624290957625, 0.5860771304547764)), 'test': (1134, (0.6408711770157554, 0.7263655462184874, 0.6809453471196454), (0.5880046713380048, 0.6033116449783117, 0.5955598201102292))}
test:{'dev': (1170, (0.6762702985856469, 0.6730969760166841, 0.674679905931539), (0.5658992325658992, 0.5609776443109777, 0.5634276910216407))}
test:{'dev': (1170, (0.6762702985856469, 0.6730969760166841, 0.674679905931539), (0.5658992325658992, 0.5609776443109777, 0.5634276910216407)), 'test': (1137, (0.6710875331564987, 0.664390756302521, 0.6677223541831618), (0.5613947280613948, 0.5576826826826827, 0.5595325488359666))}
test:{'dev': (1211, (0.7147688838782412, 0.6611053180396246, 0.6868905742145178), (0.5624791458124792, 0.5538038038038038, 0.5581077640186891))}
test:{'dev': (1211, (0.7147688838782412, 0.6611053180396246, 0.6868905742145178), (0.5624791458124792, 0.5538038038038038, 0.5581077640186891)), 'test': (1212, (0.7194080819578828, 0.6638655462184874, 0.690521715378312), (0.5681514848181514, 0.5550133466800132, 0.5615055745460389))}
test:{'dev': (1134, (0.6507707129094412, 0.7043795620437956, 0.6765147721582374), (0.5830830830830831, 0.5861695028361695, 0.5846222194228187))}
test:{'dev': (1134, (0.6507707129094412, 0.7043795620437956, 0.6765147721582374), (0.5830830830830831, 0.5861695028361695, 0.5846222194228187)), 'test': (1163, (0.6545718432510885, 0.710609243697479, 0.6814404432132963), (0.591675008341675, 0.5892976309642977, 0.5904839267426824))}
test:{'dev': (1186, (0.690700104493208, 0.6892596454640251, 0.6899791231732777), (0.5814147480814147, 0.5799132465799133, 0.580663026671742))}
test:{'dev': (1186, (0.690700104493208, 0.6892596454640251, 0.6899791231732777), (0.5814147480814147, 0.5799132465799133, 0.580663026671742)), 'test': (1180, (0.684400826446281, 0.6959033613445378, 0.6901041666666667), (0.5844177510844177, 0.5819569569569568, 0.5831847581534688))}
test:{'dev': (1176, (0.7224157955865272, 0.64859228362878, 0.6835164835164834), (0.5519686353019688, 0.5457123790457123, 0.5488226783411322))}
test:{'dev': (1176, (0.7224157955865272, 0.64859228362878, 0.6835164835164834), (0.5519686353019688, 0.5457123790457123, 0.5488226783411322)), 'test': (1164, (0.708601521357519, 0.6360294117647058, 0.6703570440077498), (0.5497997997997996, 0.5379129129129128, 0.543791404426398))}
test:{'dev': (1164, (0.6924315619967794, 0.6725755995828988, 0.682359164242264), (0.5724891558224892, 0.5648148148148147, 0.568626092720269))}
test:{'dev': (1164, (0.6924315619967794, 0.6725755995828988, 0.682359164242264), (0.5724891558224892, 0.5648148148148147, 0.568626092720269)), 'test': (1147, (0.6756903086085544, 0.6554621848739496, 0.6654225539856038), (0.5651484818151485, 0.5525942609275942, 0.558800868358439))}
test:{'dev': (1159, (0.6821946169772257, 0.6871741397288843, 0.6846753246753248), (0.5717384050717383, 0.5749082415749082, 0.5733189419110171))}
test:{'dev': (1159, (0.6821946169772257, 0.6871741397288843, 0.6846753246753248), (0.5717384050717383, 0.5749082415749082, 0.5733189419110171)), 'test': (1165, (0.6842940243257536, 0.6796218487394958, 0.6819499341238472), (0.5701534868201534, 0.5695278611945278, 0.5698405022894195))}
test:{'dev': (1167, (0.6781202627589692, 0.6996871741397289, 0.6887349243007441), (0.5848348348348348, 0.5864197530864196, 0.5856262216208088))}
test:{'dev': (1167, (0.6781202627589692, 0.6996871741397289, 0.6887349243007441), (0.5848348348348348, 0.5864197530864196, 0.5856262216208088)), 'test': (1144, (0.6644803229061554, 0.6917016806722689, 0.6778178075141534), (0.5763263263263261, 0.5781197864531197, 0.5772216632977496))}
test:{'dev': (1192, (0.6951476793248945, 0.6871741397288843, 0.6911379129522811), (0.5792459125792458, 0.5764097430764097, 0.5778243476140593))}
test:{'dev': (1192, (0.6951476793248945, 0.6871741397288843, 0.6911379129522811), (0.5792459125792458, 0.5764097430764097, 0.5778243476140593)), 'test': (1171, (0.6874663797740721, 0.6712184873949579, 0.6792452830188679), (0.5663997330663997, 0.5618535201868534, 0.5641174673126664))}
test:{'dev': (1184, (0.6894409937888198, 0.694473409801877, 0.691948051948052), (0.5757424090757425, 0.5794127460794127, 0.5775717465973581))}
test:{'dev': (1184, (0.6894409937888198, 0.694473409801877, 0.691948051948052), (0.5757424090757425, 0.5794127460794127, 0.5775717465973581)), 'test': (1171, (0.6856080722251726, 0.678046218487395, 0.6818061790335357), (0.5679846513179847, 0.5672756089422756, 0.5676299087090569))}
test:{'dev': (1175, (0.6862139917695473, 0.6955161626694474, 0.6908337648886589), (0.5798298298298299, 0.5821654988321655, 0.5809953169249652))}
test:{'dev': (1175, (0.6862139917695473, 0.6955161626694474, 0.6908337648886589), (0.5798298298298299, 0.5821654988321655, 0.5809953169249652)), 'test': (1159, (0.6781789638932496, 0.680672268907563, 0.6794233289646133), (0.568651985318652, 0.5699449449449447, 0.569297731006951))}
