test:{'dev': (386, (0.0, 0.0, 0.0), (0.0, 0.0, 0.0))}
test:{'dev': (386, (0.0, 0.0, 0.0), (0.0, 0.0, 0.0)), 'test': (400, (0.0, 0.0, 0.0), (0.0, 0.0, 0.0))}
test:{'dev': (386, (0.0, 0.0, 0.0), (0.0, 0.0, 0.0))}
test:{'dev': (386, (0.0, 0.0, 0.0), (0.0, 0.0, 0.0)), 'test': (400, (0.0, 0.0, 0.0), (0.0, 0.0, 0.0))}
test:{'dev': (386, (0.0, 0.0, 0.0), (0.0, 0.0, 0.0))}
test:{'dev': (386, (0.0, 0.0, 0.0), (0.0, 0.0, 0.0)), 'test': (400, (0.0, 0.0, 0.0), (0.0, 0.0, 0.0))}
test:{'dev': (386, (0.0, 0.0, 0.0), (0.0, 0.0, 0.0))}
test:{'dev': (386, (0.0, 0.0, 0.0), (0.0, 0.0, 0.0)), 'test': (400, (0.0, 0.0, 0.0), (0.0, 0.0, 0.0))}
test:{'dev': (386, (0.0, 0.0, 0.0), (0.0, 0.0, 0.0))}
test:{'dev': (386, (0.0, 0.0, 0.0), (0.0, 0.0, 0.0)), 'test': (400, (0.0, 0.0, 0.0), (0.0, 0.0, 0.0))}
test:{'dev': (386, (0.0, 0.0, 0.0), (0.0, 0.0, 0.0))}
test:{'dev': (386, (0.0, 0.0, 0.0), (0.0, 0.0, 0.0)), 'test': (400, (0.0, 0.0, 0.0), (0.0, 0.0, 0.0))}
test:{'dev': (386, (0.0, 0.0, 0.0), (0.0, 0.0, 0.0))}
test:{'dev': (386, (0.0, 0.0, 0.0), (0.0, 0.0, 0.0)), 'test': (400, (0.0, 0.0, 0.0), (0.0, 0.0, 0.0))}
test:{'dev': (386, (0.0, 0.0, 0.0), (0.0, 0.0, 0.0))}
test:{'dev': (386, (0.0, 0.0, 0.0), (0.0, 0.0, 0.0)), 'test': (400, (0.0, 0.0, 0.0), (0.0, 0.0, 0.0))}
test:{'dev': (386, (0.0, 0.0, 0.0), (0.0, 0.0, 0.0))}
test:{'dev': (386, (0.0, 0.0, 0.0), (0.0, 0.0, 0.0)), 'test': (400, (0.0, 0.0, 0.0), (0.0, 0.0, 0.0))}
test:{'dev': (689, (0.37987987987987987, 0.39572471324296143, 0.3876404494382023), (0.37987987987987987, 0.3610276943610278, 0.3702139428327224))}
test:{'dev': (689, (0.37987987987987987, 0.39572471324296143, 0.3876404494382023), (0.37987987987987987, 0.3610276943610278, 0.3702139428327224)), 'test': (695, (0.37987987987987987, 0.39863445378151263, 0.38903126601742705), (0.37987987987987987, 0.36290457123790465, 0.37119825198886347))}
test:{'dev': (386, (0.0, 0.0, 0.0), (0.0, 0.0, 0.0))}
test:{'dev': (386, (0.0, 0.0, 0.0), (0.0, 0.0, 0.0)), 'test': (400, (0.0, 0.0, 0.0), (0.0, 0.0, 0.0))}
test:{'dev': (386, (0.0, 0.0, 0.0), (0.0, 0.0, 0.0))}
test:{'dev': (386, (0.0, 0.0, 0.0), (0.0, 0.0, 0.0)), 'test': (400, (0.0, 0.0, 0.0), (0.0, 0.0, 0.0))}
test:{'dev': (386, (0.0, 0.0, 0.0), (0.0, 0.0, 0.0))}
test:{'dev': (386, (0.0, 0.0, 0.0), (0.0, 0.0, 0.0)), 'test': (400, (0.0, 0.0, 0.0), (0.0, 0.0, 0.0))}
test:{'dev': (386, (0.0, 0.0, 0.0), (0.0, 0.0, 0.0))}
test:{'dev': (386, (0.0, 0.0, 0.0), (0.0, 0.0, 0.0)), 'test': (400, (0.0, 0.0, 0.0), (0.0, 0.0, 0.0))}
test:{'dev': (386, (0.0, 0.0, 0.0), (0.0, 0.0, 0.0))}
test:{'dev': (386, (0.0, 0.0, 0.0), (0.0, 0.0, 0.0)), 'test': (400, (0.0, 0.0, 0.0), (0.0, 0.0, 0.0))}
test:{'dev': (386, (0.0, 0.0, 0.0), (0.0, 0.0, 0.0))}
test:{'dev': (386, (0.0, 0.0, 0.0), (0.0, 0.0, 0.0)), 'test': (400, (0.0, 0.0, 0.0), (0.0, 0.0, 0.0))}
test:{'dev': (386, (0.0, 0.0, 0.0), (0.0, 0.0, 0.0))}
test:{'dev': (386, (0.0, 0.0, 0.0), (0.0, 0.0, 0.0)), 'test': (400, (0.0, 0.0, 0.0), (0.0, 0.0, 0.0))}
test:{'dev': (386, (0.0, 0.0, 0.0), (0.0, 0.0, 0.0))}
test:{'dev': (386, (0.0, 0.0, 0.0), (0.0, 0.0, 0.0)), 'test': (400, (0.0, 0.0, 0.0), (0.0, 0.0, 0.0))}
test:{'dev': (386, (0.0, 0.0, 0.0), (0.0, 0.0, 0.0))}
test:{'dev': (386, (0.0, 0.0, 0.0), (0.0, 0.0, 0.0)), 'test': (400, (0.0, 0.0, 0.0), (0.0, 0.0, 0.0))}
test:{'dev': (386, (0.0, 0.0, 0.0), (0.0, 0.0, 0.0))}
test:{'dev': (386, (0.0, 0.0, 0.0), (0.0, 0.0, 0.0)), 'test': (400, (0.0, 0.0, 0.0), (0.0, 0.0, 0.0))}
test:{'dev': (386, (0.0, 0.0, 0.0), (0.0, 0.0, 0.0))}
test:{'dev': (386, (0.0, 0.0, 0.0), (0.0, 0.0, 0.0)), 'test': (400, (0.0, 0.0, 0.0), (0.0, 0.0, 0.0))}
test:{'dev': (386, (0.0, 0.0, 0.0), (0.0, 0.0, 0.0))}
test:{'dev': (386, (0.0, 0.0, 0.0), (0.0, 0.0, 0.0)), 'test': (400, (0.0, 0.0, 0.0), (0.0, 0.0, 0.0))}
test:{'dev': (386, (0.0, 0.0, 0.0), (0.0, 0.0, 0.0))}
test:{'dev': (386, (0.0, 0.0, 0.0), (0.0, 0.0, 0.0)), 'test': (400, (0.0, 0.0, 0.0), (0.0, 0.0, 0.0))}
test:{'dev': (386, (0.0, 0.0, 0.0), (0.0, 0.0, 0.0))}
test:{'dev': (386, (0.0, 0.0, 0.0), (0.0, 0.0, 0.0)), 'test': (400, (0.0, 0.0, 0.0), (0.0, 0.0, 0.0))}
