test:{'dev': (932, (0.9544715447154472, 0.30604796663190825, 0.463482037110146), (0.2937937937937938, 0.2867033700367033, 0.2902052792841699))}
test:{'dev': (932, (0.9544715447154472, 0.30604796663190825, 0.463482037110146), (0.2937937937937938, 0.2867033700367033, 0.2902052792841699)), 'test': (937, (0.92914653784219, 0.30304621848739494, 0.45702970297029705), (0.2887887887887888, 0.2838254921588255, 0.2862856300834304))}
test:{'dev': (1100, (0.7914338919925512, 0.443169968717414, 0.5681818181818182), (0.42517517517517517, 0.4086586586586587, 0.4167533379718254))}
test:{'dev': (1100, (0.7914338919925512, 0.443169968717414, 0.5681818181818182), (0.42517517517517517, 0.4086586586586587, 0.4167533379718254)), 'test': (1070, (0.766329346826127, 0.4375, 0.5570043463724507), (0.4169169169169169, 0.39814814814814814, 0.40731643525625716))}
test:{'dev': (1141, (0.7147183525136281, 0.6152241918665277, 0.6612496497618381), (0.5342842842842843, 0.517600934267601, 0.5258103067381418))}
test:{'dev': (1141, (0.7147183525136281, 0.6152241918665277, 0.6612496497618381), (0.5342842842842843, 0.517600934267601, 0.5258103067381418)), 'test': (1150, (0.7114427860696517, 0.6008403361344538, 0.6514806378132119), (0.5295295295295295, 0.5080497163830497, 0.5185672869879164))}
test:{'dev': (1145, (0.7442439327940261, 0.6235662148070907, 0.678581560283688), (0.5424591257924591, 0.5326159492826159, 0.5374924764408522))}
test:{'dev': (1145, (0.7442439327940261, 0.6235662148070907, 0.678581560283688), (0.5424591257924591, 0.5326159492826159, 0.5374924764408522)), 'test': (1149, (0.7242669993761697, 0.6097689075630253, 0.6621043627031652), (0.5291958625291958, 0.5226476476476476, 0.5259013722473812))}
test:{'dev': (1168, (0.7316614420062696, 0.6084462982273201, 0.6643894107600341), (0.5588088088088088, 0.5266099432766101, 0.5422317875822333))}
test:{'dev': (1168, (0.7316614420062696, 0.6084462982273201, 0.6643894107600341), (0.5588088088088088, 0.5266099432766101, 0.5422317875822333)), 'test': (1170, (0.7248407643312101, 0.5976890756302521, 0.6551525618883132), (0.5457957957957958, 0.5179763096429765, 0.5315222888051747))}
test:{'dev': (1180, (0.7367750159337157, 0.602711157455683, 0.6630341267565243), (0.5317817817817818, 0.5092592592592593, 0.5202768874643875))}
test:{'dev': (1180, (0.7367750159337157, 0.602711157455683, 0.6630341267565243), (0.5317817817817818, 0.5092592592592593, 0.5202768874643875)), 'test': (1161, (0.7317708333333334, 0.5903361344537815, 0.6534883720930234), (0.5205205205205206, 0.5000417083750418, 0.510075648413954))}
test:{'dev': (1240, (0.7270147559591373, 0.6678832116788321, 0.696195652173913), (0.5597263930597265, 0.5557223890557225, 0.5577172046909807))}
test:{'dev': (1240, (0.7270147559591373, 0.6678832116788321, 0.696195652173913), (0.5597263930597265, 0.5557223890557225, 0.5577172046909807)), 'test': (1216, (0.7218695903058281, 0.6570378151260504, 0.6879296123178443), (0.549632966299633, 0.5447530864197531, 0.5471821466396971))}
test:{'dev': (1188, (0.6645476772616137, 0.7085505735140771, 0.6858440575321726), (0.5750750750750752, 0.5903403403403403, 0.5826077312012463))}
test:{'dev': (1188, (0.6645476772616137, 0.7085505735140771, 0.6858440575321726), (0.5750750750750752, 0.5903403403403403, 0.5826077312012463)), 'test': (1183, (0.6560266793711291, 0.7232142857142857, 0.6879840119910067), (0.5816649983316653, 0.5980563897230564, 0.5897468206524834))}
test:{'dev': (1145, (0.6978723404255319, 0.5985401459854015, 0.6444007858546169), (0.5327827827827828, 0.5085085085085086, 0.5203627082983008))}
test:{'dev': (1145, (0.6978723404255319, 0.5985401459854015, 0.6444007858546169), (0.5327827827827828, 0.5085085085085086, 0.5203627082983008)), 'test': (1132, (0.7083333333333334, 0.5892857142857143, 0.643348623853211), (0.5289456122789457, 0.5007924591257926, 0.5144841805365387))}
test:{'dev': (1198, (0.7047511312217195, 0.6496350364963503, 0.6760716223548562), (0.5585585585585585, 0.5489656322989658, 0.5537205504065489))}
test:{'dev': (1198, (0.7047511312217195, 0.6496350364963503, 0.6760716223548562), (0.5585585585585585, 0.5489656322989658, 0.5537205504065489)), 'test': (1194, (0.7056128293241696, 0.6470588235294118, 0.675068493150685), (0.5514681348014681, 0.5427927927927928, 0.547096074577398))}
test:{'dev': (1236, (0.7064516129032258, 0.6850886339937435, 0.6956061408152462), (0.5958458458458459, 0.5793293293293295, 0.587471521777314))}
test:{'dev': (1236, (0.7064516129032258, 0.6850886339937435, 0.6956061408152462), (0.5958458458458459, 0.5793293293293295, 0.587471521777314)), 'test': (1241, (0.7166482910694597, 0.6827731092436975, 0.6993006993006994), (0.5950116783450117, 0.57665999332666, 0.5856921162464853))}
test:{'dev': (1168, (0.7060535506402794, 0.632429614181439, 0.6672167216721672), (0.5448782115448783, 0.5335335335335335, 0.5391462006561016))}
test:{'dev': (1168, (0.7060535506402794, 0.632429614181439, 0.6672167216721672), (0.5448782115448783, 0.5335335335335335, 0.5391462006561016)), 'test': (1173, (0.7070588235294117, 0.6313025210084033, 0.6670366259711431), (0.5388722055388723, 0.5283616950283616, 0.5335651946042232))}
test:{'dev': (1167, (0.6670113753877973, 0.6725755995828988, 0.6697819314641744), (0.5686519853186519, 0.56664998331665, 0.5676492191432186))}
test:{'dev': (1167, (0.6670113753877973, 0.6725755995828988, 0.6697819314641744), (0.5686519853186519, 0.56664998331665, 0.5676492191432186)), 'test': (1179, (0.6751824817518248, 0.6801470588235294, 0.6776556776556777), (0.5816649983316651, 0.57349015682349, 0.5775486515785957))}
test:{'dev': (1173, (0.6729461015175301, 0.670490093847758, 0.6717158527030557), (0.5703203203203203, 0.5653153153153152, 0.5678067887190849))}
test:{'dev': (1173, (0.6729461015175301, 0.670490093847758, 0.6717158527030557), (0.5703203203203203, 0.5653153153153152, 0.5678067887190849)), 'test': (1161, (0.6767838125665602, 0.6675420168067226, 0.6721311475409836), (0.5673590256923591, 0.5633967300633966, 0.5653709357126174))}
test:{'dev': (1216, (0.7052341597796143, 0.6673618352450469, 0.685775515671042), (0.5563897230563898, 0.5593927260593926, 0.557887183435429))}
test:{'dev': (1216, (0.7052341597796143, 0.6673618352450469, 0.685775515671042), (0.5563897230563898, 0.5593927260593926, 0.557887183435429)), 'test': (1226, (0.7117015262860373, 0.6612394957983193, 0.685543152736183), (0.5545545545545546, 0.5503837170503837, 0.5524612639213273))}
test:{'dev': (1217, (0.7433155080213903, 0.6522419186652764, 0.6948069980560956), (0.5504671338004672, 0.5452118785452118, 0.5478269031625205))}
test:{'dev': (1217, (0.7433155080213903, 0.6522419186652764, 0.6948069980560956), (0.5504671338004672, 0.5452118785452118, 0.5478269031625205)), 'test': (1196, (0.7321428571428571, 0.6460084033613446, 0.6863839285714286), (0.5423757090423756, 0.538163163163163, 0.5402612246708436))}
test:{'dev': (1165, (0.6775677056719469, 0.6913451511991658, 0.6843870967741936), (0.5674007340674009, 0.5748248248248249, 0.5710886523710597))}
test:{'dev': (1165, (0.6775677056719469, 0.6913451511991658, 0.6843870967741936), (0.5674007340674009, 0.5748248248248249, 0.5710886523710597)), 'test': (1167, (0.6744303797468354, 0.6995798319327731, 0.6867749419953596), (0.5769936603269937, 0.5822072072072071, 0.5795887097114025))}
test:{'dev': (1194, (0.6958789775691184, 0.6955161626694474, 0.6956975228161669), (0.5769936603269937, 0.5804971638304971, 0.57874010986099))}
test:{'dev': (1194, (0.6958789775691184, 0.6955161626694474, 0.6956975228161669), (0.5769936603269937, 0.5804971638304971, 0.57874010986099)), 'test': (1181, (0.6809278350515464, 0.6938025210084033, 0.6873048907388137), (0.5750333667000334, 0.57837003670337, 0.5766968753908557))}
test:{'dev': (1214, (0.703166935050993, 0.6830031282586028, 0.6929383760909813), (0.5739072405739071, 0.572238905572239, 0.573071858855459))}
test:{'dev': (1214, (0.703166935050993, 0.6830031282586028, 0.6929383760909813), (0.5739072405739071, 0.572238905572239, 0.573071858855459)), 'test': (1199, (0.6982055464926591, 0.6743697478991597, 0.686080683943361), (0.5717384050717383, 0.5652318985652317, 0.5684665345218047))}
test:{'dev': (1208, (0.6974656810982048, 0.6887382690302398, 0.6930745015739769), (0.5815815815815816, 0.5788288288288289, 0.58020194013293))}
test:{'dev': (1208, (0.6974656810982048, 0.6887382690302398, 0.6930745015739769), (0.5815815815815816, 0.5788288288288289, 0.58020194013293)), 'test': (1214, (0.6964380648591175, 0.6880252100840336, 0.6922060766182299), (0.5837504170837505, 0.5771187854521186, 0.5804156591950458))}
test:{'dev': (1201, (0.687596500257334, 0.6965589155370178, 0.6920486920486921), (0.5715715715715716, 0.5825825825825824, 0.5770245527400775))}
test:{'dev': (1201, (0.687596500257334, 0.6965589155370178, 0.6920486920486921), (0.5715715715715716, 0.5825825825825824, 0.5770245527400775)), 'test': (1215, (0.6861648016276704, 0.7085084033613446, 0.697157622739018), (0.577660994327661, 0.5881297964631297, 0.5828483904700618))}
test:{'dev': (1196, (0.694025974025974, 0.6965589155370178, 0.6952901379130887), (0.5808308308308308, 0.5836670003336669, 0.5822454617941725))}
test:{'dev': (1196, (0.694025974025974, 0.6965589155370178, 0.6952901379130887), (0.5808308308308308, 0.5836670003336669, 0.5822454617941725)), 'test': (1206, (0.6878198567041965, 0.7058823529411765, 0.6967340590979783), (0.5858358358358358, 0.5894644644644643, 0.5876445486261305))}
test:{'dev': (1214, (0.7115800865800865, 0.6856100104275287, 0.6983536909187467), (0.57665999332666, 0.5753253253253253, 0.5759918861656733))}
test:{'dev': (1214, (0.7115800865800865, 0.6856100104275287, 0.6983536909187467), (0.57665999332666, 0.5753253253253253, 0.5759918861656733)), 'test': (1233, (0.7107085775173149, 0.7006302521008403, 0.7056334303094418), (0.585085085085085, 0.5850433767100431, 0.5850642301542318))}
test:{'dev': (1214, (0.7071084981293426, 0.6897810218978102, 0.6983372921615203), (0.5777444110777443, 0.578244911578245, 0.5779945529789181))}
test:{'dev': (1214, (0.7071084981293426, 0.6897810218978102, 0.6983372921615203), (0.5777444110777443, 0.578244911578245, 0.5779945529789181)), 'test': (1226, (0.7025748817656332, 0.7022058823529411, 0.7023903335960073), (0.5840840840840841, 0.5858775442108775, 0.5849794395300792))}
