test:{'dev': (861, (0.9463955637707948, 0.2669447340980188, 0.4164294428629524), (0.25325325325325326, 0.24866533199866536, 0.2509383240644667))}
test:{'dev': (861, (0.9463955637707948, 0.2669447340980188, 0.4164294428629524), (0.25325325325325326, 0.24866533199866536, 0.2509383240644667)), 'test': (895, (0.9393939393939394, 0.2767857142857143, 0.4275862068965517), (0.2605105105105105, 0.25809142475809144, 0.2592953255652306))}
test:{'dev': (957, (0.7874601487778958, 0.3863399374348279, 0.5183630640083945), (0.35035035035035034, 0.34325992659325993, 0.34676889758068347))}
test:{'dev': (957, (0.7874601487778958, 0.3863399374348279, 0.5183630640083945), (0.35035035035035034, 0.34325992659325993, 0.34676889758068347)), 'test': (1001, (0.813903743315508, 0.39968487394957986, 0.5361042620641071), (0.36286286286286284, 0.3549382716049383, 0.35885682312178535))}
test:{'dev': (970, (0.6559287183002056, 0.4989572471324296, 0.5667752442996743), (0.4168752085418753, 0.4152485819152487, 0.4160603053724536))}
test:{'dev': (970, (0.6559287183002056, 0.4989572471324296, 0.5667752442996743), (0.4168752085418753, 0.4152485819152487, 0.4160603053724536)), 'test': (1030, (0.6806607019958706, 0.5194327731092437, 0.589216562406911), (0.44194194194194186, 0.4366866866866867, 0.4392985979428588))}
test:{'dev': (1006, (0.6497210167389956, 0.5464025026068822, 0.5935995468705748), (0.45020020020020024, 0.45612278945612283, 0.453142143524104))}
test:{'dev': (1006, (0.6497210167389956, 0.5464025026068822, 0.5935995468705748), (0.45020020020020024, 0.45612278945612283, 0.453142143524104)), 'test': (1053, (0.6604477611940298, 0.5577731092436975, 0.6047835990888383), (0.4633383383383384, 0.46429763096429766, 0.46381748863651656))}
test:{'dev': (1031, (0.7483443708609272, 0.47132429614181437, 0.5783749200255919), (0.4220053386720053, 0.4099933266599934, 0.4159126207284753))}
test:{'dev': (1031, (0.7483443708609272, 0.47132429614181437, 0.5783749200255919), (0.4220053386720053, 0.4099933266599934, 0.4159126207284753)), 'test': (1090, (0.7608163265306123, 0.4894957983193277, 0.5957174816235219), (0.44336002669336005, 0.4277193860527195, 0.43539928884274914))}
test:{'dev': (1032, (0.7009873060648801, 0.5182481751824818, 0.5959232613908874), (0.4511177844511178, 0.441358024691358, 0.4461845401497082))}
test:{'dev': (1032, (0.7009873060648801, 0.5182481751824818, 0.5959232613908874), (0.4511177844511178, 0.441358024691358, 0.4461845401497082)), 'test': (1073, (0.7234195402298851, 0.5288865546218487, 0.6110436893203883), (0.46354688021354684, 0.449240907574241, 0.4562817863175795))}
test:{'dev': (1025, (0.7093772369362921, 0.5166840458811262, 0.5978883861236802), (0.4430263596930264, 0.4390223556890223, 0.4410152697303571))}
test:{'dev': (1025, (0.7093772369362921, 0.5166840458811262, 0.5978883861236802), (0.4430263596930264, 0.4390223556890223, 0.4410152697303571)), 'test': (1067, (0.7145922746781116, 0.5246848739495799, 0.6050878255602665), (0.4616282949616283, 0.4487404070737404, 0.45509312553187875))}
test:{'dev': (1029, (0.6519953051643192, 0.5792492179353493, 0.6134732192159027), (0.47622622622622635, 0.48423423423423423, 0.48019684614265135))}
test:{'dev': (1029, (0.6519953051643192, 0.5792492179353493, 0.6134732192159027), (0.47622622622622635, 0.48423423423423423, 0.48019684614265135)), 'test': (1041, (0.6501196172248804, 0.5709033613445378, 0.6079418344519015), (0.48198198198198205, 0.4803136469803137, 0.48114636828229074))}
test:{'dev': (1024, (0.6885593220338984, 0.5083420229405631, 0.584883023395321), (0.4430263596930264, 0.4364364364364364, 0.4397067085106543))}
test:{'dev': (1024, (0.6885593220338984, 0.5083420229405631, 0.584883023395321), (0.4430263596930264, 0.4364364364364364, 0.4397067085106543)), 'test': (1042, (0.7038102084831057, 0.5141806722689075, 0.5942336874051594), (0.4562062062062062, 0.4423590256923591, 0.4491759211866899))}
test:{'dev': (1000, (0.6689143627781524, 0.5172054223149114, 0.5833578359306086), (0.4471971971971972, 0.4389389389389389, 0.44302958705669804))}
test:{'dev': (1000, (0.6689143627781524, 0.5172054223149114, 0.5833578359306086), (0.4471971971971972, 0.4389389389389389, 0.44302958705669804)), 'test': (1031, (0.6835964310226493, 0.523109243697479, 0.5926807497768521), (0.4582916249582916, 0.4460710710710711, 0.4520987805127454))}
test:{'dev': (1001, (0.6557271557271557, 0.5312825860271115, 0.5869815668202766), (0.45395395395395394, 0.44811478144811473, 0.45101546895517675))}
test:{'dev': (1001, (0.6557271557271557, 0.5312825860271115, 0.5869815668202766), (0.45395395395395394, 0.44811478144811473, 0.45101546895517675)), 'test': (1037, (0.671947194719472, 0.5346638655462185, 0.5954957589938579), (0.463963963963964, 0.45232732732732733, 0.4580717546715089))}
test:{'dev': (994, (0.6498708010335917, 0.5245046923879041, 0.5804962492787075), (0.4466132799466133, 0.4461127794461127, 0.44636288939534435))}
test:{'dev': (994, (0.6498708010335917, 0.5245046923879041, 0.5804962492787075), (0.4466132799466133, 0.4461127794461127, 0.44636288939534435)), 'test': (1042, (0.6805006587615283, 0.5425420168067226, 0.6037405026300408), (0.4757257257257258, 0.46187854521187854, 0.4686998831571786))}
test:{'dev': (1027, (0.6712689020381328, 0.5323253388946819, 0.5937772608316371), (0.4524941608274941, 0.450367033700367, 0.4514280915244867))}
test:{'dev': (1027, (0.6712689020381328, 0.5323253388946819, 0.5937772608316371), (0.4524941608274941, 0.450367033700367, 0.4514280915244867)), 'test': (1054, (0.6798679867986799, 0.5409663865546218, 0.6025153553670665), (0.46884384384384387, 0.456664998331665, 0.4626742898824918))}
test:{'dev': (1029, (0.6767270288397049, 0.5260688216892596, 0.5919624523320621), (0.4534117450784117, 0.44678011344678004, 0.4500715019487509))}
test:{'dev': (1029, (0.6767270288397049, 0.5260688216892596, 0.5919624523320621), (0.4534117450784117, 0.44678011344678004, 0.4500715019487509)), 'test': (1061, (0.7000691085003455, 0.5320378151260504, 0.6045956430916144), (0.46375542208875536, 0.4521604938271606, 0.45788456565247704))}
test:{'dev': (1030, (0.7008486562942009, 0.5166840458811262, 0.5948379351740697), (0.4471137804471138, 0.43968968968968963, 0.44337065877842846))}
test:{'dev': (1030, (0.7008486562942009, 0.5166840458811262, 0.5948379351740697), (0.4471137804471138, 0.43968968968968963, 0.44337065877842846)), 'test': (1044, (0.7097472924187725, 0.5162815126050421, 0.5977500760109455), (0.4555388722055389, 0.43993993993993996, 0.4476035420609245))}
test:{'dev': (1004, (0.6795048143053645, 0.5151199165797706, 0.5860023724792408), (0.44002335669002335, 0.4379379379379379, 0.43897817056961946))}
test:{'dev': (1004, (0.6795048143053645, 0.5151199165797706, 0.5860023724792408), (0.44002335669002335, 0.4379379379379379, 0.43897817056961946)), 'test': (1046, (0.7, 0.5220588235294118, 0.5980746089049337), (0.4573323323323323, 0.44465298631965294, 0.45090354156986906))}
test:{'dev': (1031, (0.6920438957475995, 0.5260688216892596, 0.5977488151658767), (0.4476142809476143, 0.44502836169502835, 0.4463175757135823))}
test:{'dev': (1031, (0.6920438957475995, 0.5260688216892596, 0.5977488151658767), (0.4476142809476143, 0.44502836169502835, 0.4463175757135823)), 'test': (1079, (0.7132867132867133, 0.5357142857142857, 0.611877624475105), (0.46663329996663333, 0.45591424758091426, 0.46121150159910207))}
test:{'dev': (1011, (0.6708278580814717, 0.5323253388946819, 0.5936046511627907), (0.456373039706373, 0.4507841174507841, 0.45356136212841197))}
test:{'dev': (1011, (0.6708278580814717, 0.5323253388946819, 0.5936046511627907), (0.456373039706373, 0.4507841174507841, 0.45356136212841197)), 'test': (1070, (0.6967830253251198, 0.5346638655462185, 0.6050520059435364), (0.47047047047047047, 0.4550800800800801, 0.4626473167773695))}
test:{'dev': (1010, (0.6580278128950695, 0.5427528675703858, 0.5948571428571428), (0.4567901234567902, 0.4561227894561228, 0.45645621254783053))}
test:{'dev': (1010, (0.6580278128950695, 0.5427528675703858, 0.5948571428571428), (0.4567901234567902, 0.4561227894561228, 0.45645621254783053)), 'test': (1086, (0.7039030955585465, 0.5493697478991597, 0.6171091445427729), (0.47622622622622623, 0.46300467133800477, 0.4695223888571729))}
test:{'dev': (1016, (0.6725375081539465, 0.5375391032325338, 0.5975079687047232), (0.45153486820153493, 0.4505338672005338, 0.4510338123093194))}
test:{'dev': (1016, (0.6725375081539465, 0.5375391032325338, 0.5975079687047232), (0.45153486820153493, 0.4505338672005338, 0.4510338123093194)), 'test': (1071, (0.7048275862068966, 0.5367647058823529, 0.6094215861657722), (0.46571571571571574, 0.45445445445445454, 0.46001617608906165))}
test:{'dev': (1051, (0.6678921568627451, 0.5683003128258602, 0.6140845070422535), (0.4817317317317318, 0.4804804804804805, 0.4811052925487256))}
test:{'dev': (1051, (0.6678921568627451, 0.5683003128258602, 0.6140845070422535), (0.4817317317317318, 0.4804804804804805, 0.4811052925487256)), 'test': (1074, (0.6760651629072681, 0.5667016806722689, 0.6165714285714285), (0.4897397397397397, 0.48093927260593927, 0.485299612335233))}
test:{'dev': (1031, (0.6738442051931602, 0.5547445255474452, 0.6085215899342293), (0.4668835502168836, 0.46771771771771764, 0.4673002617040461))}
test:{'dev': (1031, (0.6738442051931602, 0.5547445255474452, 0.6085215899342293), (0.4668835502168836, 0.46771771771771764, 0.4673002617040461)), 'test': (1079, (0.6963109354413702, 0.5551470588235294, 0.6177673874926943), (0.47997997997998, 0.46959459459459457, 0.4747304954183331))}
test:{'dev': (1052, (0.6962025316455697, 0.5448383733055265, 0.611289850833577), (0.4647147147147148, 0.4618785452118785, 0.46329228940860195))}
test:{'dev': (1052, (0.6962025316455697, 0.5448383733055265, 0.611289850833577), (0.4647147147147148, 0.4618785452118785, 0.46329228940860195)), 'test': (1087, (0.708361658735554, 0.5472689075630253, 0.6174814814814816), (0.48039706373039703, 0.46725892559225896, 0.47373692222803915))}
test:{'dev': (1050, (0.6934739617666447, 0.5484880083420229, 0.6125181950509462), (0.46846846846846857, 0.46513179846513175, 0.4667941708685097))}
test:{'dev': (1050, (0.6934739617666447, 0.5484880083420229, 0.6125181950509462), (0.46846846846846857, 0.46513179846513175, 0.4667941708685097)), 'test': (1084, (0.7021419009370816, 0.5509453781512605, 0.6174220129487935), (0.48264931598264926, 0.47076242909576244, 0.47663177124950024))}
