test:{'dev': (1090, (0.7981260647359455, 0.48852971845672577, 0.6060802069857697), (0.44044044044044045, 0.4136636636636637, 0.42663231646530797))}
test:{'dev': (1090, (0.7981260647359455, 0.48852971845672577, 0.6060802069857697), (0.44044044044044045, 0.4136636636636637, 0.42663231646530797)), 'test': (1106, (0.8063380281690141, 0.4810924369747899, 0.6026315789473685), (0.4394394394394394, 0.4154571237904572, 0.42711189503403))}
test:{'dev': (1107, (0.8315696649029982, 0.4916579770594369, 0.6179554390563565), (0.471971971971972, 0.43960627293960647, 0.4552145483697462))}
test:{'dev': (1107, (0.8315696649029982, 0.4916579770594369, 0.6179554390563565), (0.471971971971972, 0.43960627293960647, 0.4552145483697462)), 'test': (1079, (0.804945054945055, 0.46165966386554624, 0.5867823765020026), (0.4394394394394394, 0.4148732065398732, 0.42680311517884134))}
test:{'dev': (906, (0.6963162623539982, 0.4040667361835245, 0.511382382052128), (0.3571071071071071, 0.34876543209876537, 0.35288698057547024))}
test:{'dev': (906, (0.6963162623539982, 0.4040667361835245, 0.511382382052128), (0.3571071071071071, 0.34876543209876537, 0.35288698057547024)), 'test': (924, (0.6933920704845815, 0.41334033613445376, 0.5179335307666996), (0.3631131131131131, 0.35618952285618954, 0.35961799675124506))}
test:{'dev': (1220, (0.7493827160493827, 0.6329509906152242, 0.686263425664217), (0.5435435435435435, 0.531031031031031, 0.5372144384720071))}
test:{'dev': (1220, (0.7493827160493827, 0.6329509906152242, 0.686263425664217), (0.5435435435435435, 0.531031031031031, 0.5372144384720071)), 'test': (1209, (0.7372986369268897, 0.625, 0.6765207504263786), (0.534034034034034, 0.5240657323990657, 0.5290029277967313))}
test:{'dev': (1104, (0.7424561403508771, 0.5516162669447341, 0.6329644032306311), (0.4807307307307308, 0.4711378044711379, 0.4758859288698918))}
test:{'dev': (1104, (0.7424561403508771, 0.5516162669447341, 0.6329644032306311), (0.4807307307307308, 0.4711378044711379, 0.4758859288698918)), 'test': (1139, (0.746705710102489, 0.5357142857142857, 0.6238532110091742), (0.47013680347013675, 0.46367200533867203, 0.4668820263680835))}
test:{'dev': (1171, (0.7175208581644815, 0.6277372262773723, 0.6696329254727476), (0.5455455455455456, 0.531031031031031, 0.5381904452104359))}
test:{'dev': (1171, (0.7175208581644815, 0.6277372262773723, 0.6696329254727476), (0.5455455455455456, 0.531031031031031, 0.5381904452104359)), 'test': (1149, (0.6990936555891238, 0.6076680672268907, 0.6501826355717899), (0.5365365365365365, 0.5218134801468135, 0.5290725996932893))}
test:{'dev': (1248, (0.7302742025741467, 0.6803962460896767, 0.7044534412955465), (0.5699032365699033, 0.5684851518184851, 0.5691933109436345))}
test:{'dev': (1248, (0.7302742025741467, 0.6803962460896767, 0.7044534412955465), (0.5699032365699033, 0.5684851518184851, 0.5691933109436345)), 'test': (1197, (0.701284198771636, 0.6596638655462185, 0.6798376184032476), (0.5545545545545545, 0.5516766766766766, 0.553111872193424))}
test:{'dev': (1218, (0.756687898089172, 0.6193952033368092, 0.6811926605504587), (0.5348682015348682, 0.5222722722722722, 0.5284951960561524))}
test:{'dev': (1218, (0.756687898089172, 0.6193952033368092, 0.6811926605504587), (0.5348682015348682, 0.5222722722722722, 0.5284951960561524)), 'test': (1195, (0.7442922374429224, 0.5992647058823529, 0.6639511201629329), (0.5219386052719387, 0.5049632966299634, 0.5133106448988556))}
test:{'dev': (1172, (0.7121123464014043, 0.6345151199165797, 0.6710780259167356), (0.545045045045045, 0.5342842842842843, 0.5396110230332349))}
test:{'dev': (1172, (0.7121123464014043, 0.6345151199165797, 0.6710780259167356), (0.545045045045045, 0.5342842842842843, 0.5396110230332349)), 'test': (1181, (0.7112018669778296, 0.6402310924369747, 0.6738529574350469), (0.5524691358024691, 0.5389973306639974, 0.5456500930089274))}
test:{'dev': (1215, (0.6904512067156349, 0.6861313868613139, 0.6882845188284519), (0.5770770770770772, 0.5766599933266601, 0.576868459812571))}
test:{'dev': (1215, (0.6904512067156349, 0.6861313868613139, 0.6882845188284519), (0.5770770770770772, 0.5766599933266601, 0.576868459812571)), 'test': (1171, (0.676948051948052, 0.6570378151260504, 0.6668443496801706), (0.5541374708041376, 0.5488822155488821, 0.5514973240401156))}
test:{'dev': (1196, (0.7189467658843732, 0.6548488008342023, 0.6854024556616645), (0.5583917250583917, 0.5537203870537205, 0.5560462452651672))}
test:{'dev': (1196, (0.7189467658843732, 0.6548488008342023, 0.6854024556616645), (0.5583917250583917, 0.5537203870537205, 0.5560462452651672)), 'test': (1192, (0.715461493239271, 0.6391806722689075, 0.6751733703190014), (0.544044044044044, 0.5392058725392057, 0.5416141538119053))}
test:{'dev': (1175, (0.6930803571428571, 0.6475495307612096, 0.6695417789757412), (0.5500500500500503, 0.5482148815482148, 0.549130932542751))}
test:{'dev': (1175, (0.6930803571428571, 0.6475495307612096, 0.6695417789757412), (0.5500500500500503, 0.5482148815482148, 0.549130932542751)), 'test': (1155, (0.6895348837209302, 0.6228991596638656, 0.6545253863134657), (0.5339506172839505, 0.5286536536536537, 0.5312889330827079))}
test:{'dev': (1211, (0.6963078523140925, 0.6981230448383733, 0.697214267117938), (0.5734901568234901, 0.5839172505839174, 0.5786567348128911))}
test:{'dev': (1211, (0.6963078523140925, 0.6981230448383733, 0.697214267117938), (0.5734901568234901, 0.5839172505839174, 0.5786567348128911)), 'test': (1177, (0.6721479958890031, 0.6869747899159664, 0.6794805194805195), (0.5614781448114783, 0.5735318651985318, 0.5674410002059779))}
test:{'dev': (1210, (0.7033084311632871, 0.6871741397288843, 0.6951476793248946), (0.5684851518184852, 0.5728228228228228, 0.5706457444141994))}
test:{'dev': (1210, (0.7033084311632871, 0.6871741397288843, 0.6951476793248946), (0.5684851518184852, 0.5728228228228228, 0.5706457444141994)), 'test': (1175, (0.6801683324566018, 0.6790966386554622, 0.6796320630749014), (0.5568902235568904, 0.5635635635635634, 0.5602070206001117))}
test:{'dev': (1234, (0.7341407151095732, 0.6637122002085506, 0.6971522453450164), (0.5644811478144811, 0.5565565565565567, 0.5604908428035149))}
test:{'dev': (1234, (0.7341407151095732, 0.6637122002085506, 0.6971522453450164), (0.5644811478144811, 0.5565565565565567, 0.5604908428035149)), 'test': (1190, (0.7118742724097789, 0.6423319327731093, 0.6753175041413585), (0.549049049049049, 0.5410827494160826, 0.5450367917751319))}
test:{'dev': (1216, (0.7044025157232704, 0.7007299270072993, 0.7025614218504966), (0.5847514180847515, 0.5865865865865866, 0.5856675647303764))}
test:{'dev': (1216, (0.7044025157232704, 0.7007299270072993, 0.7025614218504966), (0.5847514180847515, 0.5865865865865866, 0.5856675647303764)), 'test': (1202, (0.6907651715039578, 0.6875, 0.6891287180837062), (0.5760760760760761, 0.5737404070737402, 0.5749058693051727))}
test:{'dev': (1193, (0.7259559675550405, 0.6532846715328468, 0.6877058177826565), (0.5551384718051384, 0.5529696363029698, 0.5540519315863087))}
test:{'dev': (1193, (0.7259559675550405, 0.6532846715328468, 0.6877058177826565), (0.5551384718051384, 0.5529696363029698, 0.5540519315863087)), 'test': (1181, (0.7125074096028453, 0.6313025210084033, 0.6694514062935115), (0.5462962962962963, 0.5367033700367033, 0.5414573473573704))}
test:{'dev': (1217, (0.735072463768116, 0.6611053180396246, 0.6961295635465276), (0.559642976309643, 0.5573073073073073, 0.5584726997348357))}
test:{'dev': (1217, (0.735072463768116, 0.6611053180396246, 0.6961295635465276), (0.559642976309643, 0.5573073073073073, 0.5584726997348357)), 'test': (1173, (0.718384074941452, 0.6444327731092437, 0.6794019933554818), (0.5477977977977979, 0.5429596262929595, 0.5453679819311511))}
test:{'dev': (1218, (0.7067950775815944, 0.6887382690302398, 0.6976498547663058), (0.5826659993326659, 0.5808308308308309, 0.5817469677879772))}
test:{'dev': (1218, (0.7067950775815944, 0.6887382690302398, 0.6976498547663058), (0.5826659993326659, 0.5808308308308309, 0.5817469677879772)), 'test': (1185, (0.6948787061994609, 0.6769957983193278, 0.6858206969938814), (0.5714047380714047, 0.5666082749416081, 0.5689963985120052))}
test:{'dev': (1224, (0.7275766016713092, 0.6809176225234619, 0.7034742795583087), (0.5752419085752417, 0.5719886553219886, 0.5736106692504084))}
test:{'dev': (1224, (0.7275766016713092, 0.6809176225234619, 0.7034742795583087), (0.5752419085752417, 0.5719886553219886, 0.5736106692504084)), 'test': (1193, (0.7088963963963963, 0.6612394957983193, 0.6842391304347826), (0.5633967300633967, 0.5530947614280947, 0.5581982171445108))}
test:{'dev': (1213, (0.7016171100678142, 0.7012513034410844, 0.7014341590612777), (0.5818735402068735, 0.5884217550884219, 0.5851293278619034))}
test:{'dev': (1213, (0.7016171100678142, 0.7012513034410844, 0.7014341590612777), (0.5818735402068735, 0.5884217550884219, 0.5851293278619034)), 'test': (1181, (0.6810838978634706, 0.6864495798319328, 0.6837562123986398), (0.5679012345679013, 0.5724474474474472, 0.5701652788445516))}
test:{'dev': (1225, (0.7171772428884027, 0.6835245046923879, 0.6999466097170316), (0.5784534534534534, 0.5769102435769102, 0.5776808178887526))}
test:{'dev': (1225, (0.7171772428884027, 0.6835245046923879, 0.6999466097170316), (0.5784534534534534, 0.5769102435769102, 0.5776808178887526)), 'test': (1202, (0.7044334975369458, 0.6759453781512605, 0.6898954703832754), (0.5690690690690692, 0.5665248581915248, 0.5677941135758744))}
test:{'dev': (1219, (0.7141321869962386, 0.6929092805005214, 0.703360677427891), (0.5786202869536202, 0.581081081081081, 0.5798480732125759))}
test:{'dev': (1219, (0.7141321869962386, 0.6929092805005214, 0.703360677427891), (0.5786202869536202, 0.581081081081081, 0.5798480732125759)), 'test': (1196, (0.6998916576381365, 0.6785714285714286, 0.6890666666666667), (0.5665665665665666, 0.5667751084417749, 0.5666708183176736))}
test:{'dev': (1226, (0.7198252321135992, 0.6871741397288843, 0.703120832221926), (0.5786202869536201, 0.5784117450784118, 0.5785159972223644))}
test:{'dev': (1226, (0.7198252321135992, 0.6871741397288843, 0.703120832221926), (0.5786202869536201, 0.5784117450784118, 0.5785159972223644)), 'test': (1201, (0.7073440088348979, 0.6727941176470589, 0.6896366083445492), (0.5659826493159827, 0.5635218551885217, 0.5647495716486276))}
