test:{'dev': (988, (0.9094707520891365, 0.34045881126173094, 0.4954476479514415), (0.32682682682682684, 0.319652986319653, 0.32320010332913557))}
test:{'dev': (988, (0.9094707520891365, 0.34045881126173094, 0.4954476479514415), (0.32682682682682684, 0.319652986319653, 0.32320010332913557)), 'test': (1004, (0.8983286908077994, 0.3387605042016807, 0.49199084668192217), (0.3228228228228228, 0.31719219219219225, 0.3199827393375781))}
test:{'dev': (955, (0.8661311914323963, 0.3373305526590198, 0.4855534709193246), (0.3238238238238238, 0.3163997330663998, 0.32006873322834234))}
test:{'dev': (955, (0.8661311914323963, 0.3373305526590198, 0.4855534709193246), (0.3238238238238238, 0.3163997330663998, 0.32006873322834234)), 'test': (980, (0.848761408083442, 0.34191176470588236, 0.48745788094346687), (0.3258258258258258, 0.31756756756756754, 0.3216436973729856))}
test:{'dev': (1136, (0.8555066079295154, 0.5062565172054223, 0.6360956436292171), (0.4394394394394394, 0.4285952619285952, 0.43394961365363055))}
test:{'dev': (1136, (0.8555066079295154, 0.5062565172054223, 0.6360956436292171), (0.4394394394394394, 0.4285952619285952, 0.43394961365363055)), 'test': (1152, (0.8590425531914894, 0.5089285714285714, 0.6391820580474934), (0.44244244244244246, 0.43172339005672344, 0.4370171975496658))}
test:{'dev': (1106, (0.7578785549577248, 0.5140771637122002, 0.6126126126126126), (0.48998998998999, 0.45895895895895905, 0.4739671105704861))}
test:{'dev': (1106, (0.7578785549577248, 0.5140771637122002, 0.6126126126126126), (0.48998998998999, 0.45895895895895905, 0.4739671105704861)), 'test': (1120, (0.7526636225266362, 0.5194327731092437, 0.6146674953387197), (0.48998998998999, 0.4568318318318319, 0.4728303035426071))}
test:{'dev': (1175, (0.7946627131208303, 0.5589155370177268, 0.6562595653504744), (0.5287787787787788, 0.48957290623957306, 0.508421142308757))}
test:{'dev': (1175, (0.7946627131208303, 0.5589155370177268, 0.6562595653504744), (0.5287787787787788, 0.48957290623957306, 0.508421142308757)), 'test': (1169, (0.774721189591078, 0.5472689075630253, 0.6414281317328409), (0.5172672672672672, 0.4809392726059394, 0.49844222277682354))}
test:{'dev': (1186, (0.6819184123484013, 0.6449426485922837, 0.6629153269024652), (0.5569736403069736, 0.539622956289623, 0.5481610344052659))}
test:{'dev': (1186, (0.6819184123484013, 0.6449426485922837, 0.6629153269024652), (0.5569736403069736, 0.539622956289623, 0.5481610344052659)), 'test': (1165, (0.6786516853932584, 0.634453781512605, 0.6558089033659066), (0.55005005005005, 0.5285702369035702, 0.5390962672970329))}
test:{'dev': (1224, (0.7011802575107297, 0.6814389989572471, 0.6911686938127976), (0.5714881548214882, 0.5651484818151484, 0.5683006383260799))}
test:{'dev': (1224, (0.7011802575107297, 0.6814389989572471, 0.6911686938127976), (0.5714881548214882, 0.5651484818151484, 0.5683006383260799)), 'test': (1219, (0.7102493074792243, 0.6733193277310925, 0.6912914532218928), (0.5685685685685686, 0.5580163496830163, 0.5632430401598519))}
test:{'dev': (1203, (0.7192561487702459, 0.6251303441084463, 0.6688981868898186), (0.5728228228228228, 0.5430430430430432, 0.5575355575355576))}
test:{'dev': (1203, (0.7192561487702459, 0.6251303441084463, 0.6688981868898186), (0.5728228228228228, 0.5430430430430432, 0.5575355575355576)), 'test': (1188, (0.7022302591922845, 0.6118697478991597, 0.6539433062026383), (0.5599766433099768, 0.5316566566566567, 0.545449300597736))}
test:{'dev': (1236, (0.7568081063964535, 0.6230448383733055, 0.6834429511009437), (0.5437937937937938, 0.5265265265265265, 0.5350208754464074))}
test:{'dev': (1236, (0.7568081063964535, 0.6230448383733055, 0.6834429511009437), (0.5437937937937938, 0.5265265265265265, 0.5350208754464074)), 'test': (1236, (0.7596649484536082, 0.6192226890756303, 0.6822916666666666), (0.54320987654321, 0.5245245245245247, 0.5337037037037038))}
test:{'dev': (1209, (0.7054354178842782, 0.6293013555787278, 0.6651970239735464), (0.5513847180513847, 0.5345345345345346, 0.5428288943421835))}
test:{'dev': (1209, (0.7054354178842782, 0.6293013555787278, 0.6651970239735464), (0.5513847180513847, 0.5345345345345346, 0.5428288943421835)), 'test': (1217, (0.7118343195266272, 0.631827731092437, 0.669449081803005), (0.5508842175508841, 0.5330747414080746, 0.5418331743828427))}
test:{'dev': (1215, (0.6972327726532827, 0.6699687174139729, 0.6833289018877957), (0.5767434100767435, 0.5666499833166501, 0.5716521462977046))}
test:{'dev': (1215, (0.6972327726532827, 0.6699687174139729, 0.6833289018877957), (0.5767434100767435, 0.5666499833166501, 0.5716521462977046)), 'test': (1202, (0.6986827661909989, 0.6685924369747899, 0.6833064949006977), (0.5737404070737403, 0.5596012679346011, 0.5665826402464486))}
test:{'dev': (1186, (0.6611940298507463, 0.6929092805005214, 0.6766802443991854), (0.5839172505839172, 0.5794127460794127, 0.5816562774352343))}
test:{'dev': (1186, (0.6611940298507463, 0.6929092805005214, 0.6766802443991854), (0.5839172505839172, 0.5794127460794127, 0.5816562774352343)), 'test': (1154, (0.649043303121853, 0.6769957983193278, 0.6627249357326478), (0.574240907574241, 0.5633133133133132, 0.5687246240153772))}
test:{'dev': (1161, (0.6718027734976888, 0.6819603753910324, 0.676843467011643), (0.5697364030697364, 0.5703203203203203, 0.5700282121588919))}
test:{'dev': (1161, (0.6718027734976888, 0.6819603753910324, 0.676843467011643), (0.5697364030697364, 0.5703203203203203, 0.5700282121588919)), 'test': (1185, (0.6802935010482181, 0.6817226890756303, 0.6810073452256034), (0.5694027360694027, 0.5703620286953621, 0.5698819786840181))}
test:{'dev': (1151, (0.6775082690187431, 0.6407716371220021, 0.6586280814576635), (0.538621955288622, 0.5358692025358691, 0.5372420527558586))}
test:{'dev': (1151, (0.6775082690187431, 0.6407716371220021, 0.6586280814576635), (0.538621955288622, 0.5358692025358691, 0.5372420527558586)), 'test': (1171, (0.6996024985803521, 0.6470588235294118, 0.6723055934515689), (0.5472972972972973, 0.534617951284618, 0.5408833274292025))}
test:{'dev': (1170, (0.7288135593220338, 0.605318039624609, 0.661350042722871), (0.5133466800133467, 0.5100934267600934, 0.5117148827584342))}
test:{'dev': (1170, (0.7288135593220338, 0.605318039624609, 0.661350042722871), (0.5133466800133467, 0.5100934267600934, 0.5117148827584342)), 'test': (1175, (0.7529032258064516, 0.6129201680672269, 0.6757382744643892), (0.5150984317650985, 0.5089673006339673, 0.5120145125100393))}
test:{'dev': (1180, (0.6842105263157895, 0.6710114702815433, 0.6775467228217952), (0.5781614948281616, 0.5663997330663997, 0.572220180727821))}
test:{'dev': (1180, (0.6842105263157895, 0.6710114702815433, 0.6775467228217952), (0.5781614948281616, 0.5663997330663997, 0.572220180727821)), 'test': (1185, (0.6910742918225548, 0.6790966386554622, 0.6850331125827814), (0.5762429095762429, 0.5658158158158157, 0.5709817625674758))}
test:{'dev': (1206, (0.7086350974930362, 0.6631908237747653, 0.6851602477780772), (0.5689022355689022, 0.560810810810811, 0.5648275462939866))}
test:{'dev': (1206, (0.7086350974930362, 0.6631908237747653, 0.6851602477780772), (0.5689022355689022, 0.560810810810811, 0.5648275462939866)), 'test': (1214, (0.71822272215973, 0.6706932773109243, 0.6936447582835416), (0.5654821488154822, 0.559934934934935, 0.5626948706850868))}
test:{'dev': (1186, (0.6994063680518079, 0.67570385818561, 0.6873508353221957), (0.5741574908241577, 0.5700700700700702, 0.5721064798851488))}
test:{'dev': (1186, (0.6994063680518079, 0.67570385818561, 0.6873508353221957), (0.5741574908241577, 0.5700700700700702, 0.5721064798851488)), 'test': (1196, (0.7104097452934662, 0.6738445378151261, 0.691644204851752), (0.5686519853186519, 0.5642308975642307, 0.5664328147699523))}
test:{'dev': (1187, (0.691437802907916, 0.6694473409801877, 0.6802649006622515), (0.5704871538204872, 0.5644811478144811, 0.5674682595771331))}
test:{'dev': (1187, (0.691437802907916, 0.6694473409801877, 0.6802649006622515), (0.5704871538204872, 0.5644811478144811, 0.5674682595771331)), 'test': (1205, (0.7139677239844184, 0.6738445378151261, 0.6933261280734936), (0.5679846513179847, 0.560769102435769, 0.5643538142090901))}
test:{'dev': (1183, (0.687266915290357, 0.6725755995828988, 0.6798418972332015), (0.5702369035702369, 0.5643977310643976, 0.5673022922447026))}
test:{'dev': (1183, (0.687266915290357, 0.6725755995828988, 0.6798418972332015), (0.5702369035702369, 0.5643977310643976, 0.5673022922447026)), 'test': (1207, (0.7048913043478261, 0.6811974789915967, 0.6928418803418804), (0.5673173173173174, 0.5640223556890223, 0.5656650383101997))}
test:{'dev': (1191, (0.6885422270037654, 0.6673618352450469, 0.6777866031241726), (0.5668168168168168, 0.5604771438104772, 0.5636291537949079))}
test:{'dev': (1191, (0.6885422270037654, 0.6673618352450469, 0.6777866031241726), (0.5668168168168168, 0.5604771438104772, 0.5636291537949079)), 'test': (1198, (0.7036632039365773, 0.6759453781512605, 0.689525850522368), (0.5643143143143144, 0.5591841841841839, 0.5617375366233813))}
test:{'dev': (1184, (0.6891163793103449, 0.6668404588112617, 0.6777954425013248), (0.5657323990657325, 0.5614781448114781, 0.5635972438557604))}
test:{'dev': (1184, (0.6891163793103449, 0.6668404588112617, 0.6777954425013248), (0.5657323990657325, 0.5614781448114781, 0.5635972438557604)), 'test': (1182, (0.6981029810298103, 0.6764705882352942, 0.6871165644171779), (0.5638972305638974, 0.5626042709376041, 0.5632500087434863))}
test:{'dev': (1178, (0.694009713977334, 0.670490093847758, 0.6820472023335985), (0.564230897564231, 0.5631464798131465, 0.5636881671411207))}
test:{'dev': (1178, (0.694009713977334, 0.670490093847758, 0.6820472023335985), (0.564230897564231, 0.5631464798131465, 0.5636881671411207)), 'test': (1184, (0.7004381161007667, 0.6717436974789915, 0.6857908847184987), (0.5576409743076411, 0.5585168501835167, 0.5580785685851516))}
test:{'dev': (1182, (0.6963123644251626, 0.6694473409801877, 0.682615629984051), (0.5658992325658994, 0.5616449783116451, 0.5637640797316268))}
test:{'dev': (1182, (0.6963123644251626, 0.6694473409801877, 0.682615629984051), (0.5658992325658994, 0.5616449783116451, 0.5637640797316268)), 'test': (1194, (0.7034407427635172, 0.6764705882352942, 0.6896921017402946), (0.5615615615615617, 0.560769102435769, 0.561165052227522))}
