test:{'dev': (922, (0.7680097680097681, 0.32794577685088633, 0.45962732919254656), (0.3148148148148148, 0.3094761428094761, 0.3121226517805887))}
test:{'dev': (922, (0.7680097680097681, 0.32794577685088633, 0.45962732919254656), (0.3148148148148148, 0.3094761428094761, 0.3121226517805887)), 'test': (949, (0.7714987714987716, 0.32983193277310924, 0.4621044885945549), (0.31431431431431434, 0.308641975308642, 0.3114523200222183))}
test:{'dev': (1130, (0.7863751051303617, 0.4874869655891554, 0.6018667524943675), (0.44786453119786457, 0.43159826493159836, 0.43958097020160325))}
test:{'dev': (1130, (0.7863751051303617, 0.4874869655891554, 0.6018667524943675), (0.44786453119786457, 0.43159826493159836, 0.43958097020160325)), 'test': (1117, (0.7697536108751062, 0.47584033613445376, 0.5881207400194741), (0.43802135468802134, 0.41971137804471154, 0.4286709353003219))}
test:{'dev': (973, (0.7096498719043552, 0.43326381647549533, 0.5380382000647459), (0.3973973973973974, 0.383717050383717, 0.3904374258923597))}
test:{'dev': (973, (0.7096498719043552, 0.43326381647549533, 0.5380382000647459), (0.3973973973973974, 0.383717050383717, 0.3904374258923597)), 'test': (1006, (0.7340425531914894, 0.43487394957983194, 0.5461741424802111), (0.3991491491491492, 0.3847597597597598, 0.39182238902909294))}
test:{'dev': (1094, (0.7111581920903954, 0.5250260688216892, 0.6040791841631674), (0.46346346346346345, 0.44828161494828167, 0.455746139552178))}
test:{'dev': (1094, (0.7111581920903954, 0.5250260688216892, 0.6040791841631674), (0.46346346346346345, 0.44828161494828167, 0.455746139552178)), 'test': (1108, (0.7105263157894737, 0.5246848739495799, 0.6036253776435047), (0.46596596596596596, 0.4484901568234903, 0.4570610747577681))}
test:{'dev': (1010, (0.6479894528675016, 0.5125130344108446, 0.5723435225618632), (0.4804804804804805, 0.4598765432098767, 0.46995278788058004))}
test:{'dev': (1010, (0.6479894528675016, 0.5125130344108446, 0.5723435225618632), (0.4804804804804805, 0.4598765432098767, 0.46995278788058004)), 'test': (1043, (0.6700268817204301, 0.5236344537815126, 0.5878537735849056), (0.4922422422422422, 0.4684684684684685, 0.48006120212423936))}
test:{'dev': (1138, (0.6930579460699943, 0.629822732012513, 0.6599289811526906), (0.5372872872872873, 0.53003003003003, 0.5336339856855683))}
test:{'dev': (1138, (0.6930579460699943, 0.629822732012513, 0.6599289811526906), (0.5372872872872873, 0.53003003003003, 0.5336339856855683)), 'test': (1152, (0.7096580683863227, 0.6213235294117647, 0.6625595071408569), (0.5318651985318652, 0.5224808141474809, 0.5271312426922485))}
test:{'dev': (1092, (0.6428930185836264, 0.6673618352450469, 0.6548989511383986), (0.5480480480480481, 0.5597263930597265, 0.5538256630124101))}
test:{'dev': (1092, (0.6428930185836264, 0.6673618352450469, 0.6548989511383986), (0.5480480480480481, 0.5597263930597265, 0.5538256630124101)), 'test': (1039, (0.6301229508196722, 0.6460084033613446, 0.6379668049792531), (0.5331998665331998, 0.5433350016683349, 0.5382197250263836))}
test:{'dev': (1140, (0.7017334130304842, 0.6120959332638165, 0.6538568643831801), (0.5191858525191857, 0.5141808475141809, 0.5166712294039815))}
test:{'dev': (1140, (0.7017334130304842, 0.6120959332638165, 0.6538568643831801), (0.5191858525191857, 0.5141808475141809, 0.5166712294039815)), 'test': (1118, (0.6845557543231962, 0.6029411764705882, 0.6411616866796984), (0.5118451785118451, 0.5061311311311312, 0.5089721179367592))}
test:{'dev': (1161, (0.6869469026548672, 0.6475495307612096, 0.6666666666666665), (0.5392892892892893, 0.5391224557891224, 0.5392058596343867))}
test:{'dev': (1161, (0.6869469026548672, 0.6475495307612096, 0.6666666666666665), (0.5392892892892893, 0.5391224557891224, 0.5392058596343867)), 'test': (1169, (0.6987681970884658, 0.6554621848739496, 0.6764227642276424), (0.5462128795462129, 0.5446696696696696, 0.5454401830620527))}
test:{'dev': (1163, (0.7239679605668515, 0.6126173096976016, 0.6636543349336346), (0.536453119786453, 0.5212712712712713, 0.5287532406223258))}
test:{'dev': (1163, (0.7239679605668515, 0.6126173096976016, 0.6636543349336346), (0.536453119786453, 0.5212712712712713, 0.5287532406223258)), 'test': (1167, (0.7239225484072455, 0.6087184873949579, 0.6613409415121255), (0.5295295295295295, 0.5182682682682682, 0.5238383834037046))}
test:{'dev': (1175, (0.7054220234768027, 0.6579770594369134, 0.6808740221203129), (0.5568902235568902, 0.5528028028028029, 0.554838985418554))}
test:{'dev': (1175, (0.7054220234768027, 0.6579770594369134, 0.6808740221203129), (0.5568902235568902, 0.5528028028028029, 0.554838985418554)), 'test': (1173, (0.6966101694915254, 0.6475840336134454, 0.6712030484485574), (0.5503003003003003, 0.542751084417751, 0.54649962283419))}
test:{'dev': (1143, (0.6967963386727689, 0.635036496350365, 0.6644844517184942), (0.5403737070403738, 0.5347013680347014, 0.5375225732664177))}
test:{'dev': (1143, (0.6967963386727689, 0.635036496350365, 0.6644844517184942), (0.5403737070403738, 0.5347013680347014, 0.5375225732664177)), 'test': (1135, (0.6854060193072118, 0.6339285714285714, 0.6586630286493861), (0.5361194527861196, 0.534743076409743, 0.5354303800717303))}
test:{'dev': (1150, (0.6977900552486188, 0.6584984358706987, 0.6775751072961375), (0.550633967300634, 0.5501334668001334, 0.5503836032657897))}
test:{'dev': (1150, (0.6977900552486188, 0.6584984358706987, 0.6775751072961375), (0.550633967300634, 0.5501334668001334, 0.5503836032657897)), 'test': (1165, (0.6975829117481731, 0.6517857142857143, 0.6739071409177301), (0.5427927927927928, 0.5441691691691689, 0.5434801095558548))}
test:{'dev': (1174, (0.6648101265822784, 0.6845672575599583, 0.674544053429232), (0.5823323323323323, 0.5754921588254921, 0.578892040455441))}
test:{'dev': (1174, (0.6648101265822784, 0.6845672575599583, 0.674544053429232), (0.5823323323323323, 0.5754921588254921, 0.578892040455441)), 'test': (1156, (0.6527006562342251, 0.6790966386554622, 0.6656370656370657), (0.5730730730730731, 0.5687771104437769, 0.5709170104465424))}
test:{'dev': (1193, (0.7091010608598548, 0.662148070907195, 0.6848207063898624), (0.5557223890557224, 0.5518018018018018, 0.5537551560749573))}
test:{'dev': (1193, (0.7091010608598548, 0.662148070907195, 0.6848207063898624), (0.5557223890557224, 0.5518018018018018, 0.5537551560749573)), 'test': (1188, (0.7084515031196824, 0.6559873949579832, 0.6812107990182711), (0.5541374708041374, 0.5479229229229228, 0.5510126748631081))}
test:{'dev': (1170, (0.6907386990077178, 0.6532846715328468, 0.6714898177920687), (0.5568068068068068, 0.5505505505505506, 0.5536610056384068))}
test:{'dev': (1170, (0.6907386990077178, 0.6532846715328468, 0.6714898177920687), (0.5568068068068068, 0.5505505505505506, 0.5536610056384068)), 'test': (1159, (0.6983240223463687, 0.6565126050420168, 0.676773145641581), (0.5580580580580581, 0.5501334668001333, 0.5540674283617453))}
test:{'dev': (1184, (0.6986449864498645, 0.6720542231491137, 0.6850916821684826), (0.5593093093093093, 0.5633967300633966, 0.5613455791775132))}
test:{'dev': (1184, (0.6986449864498645, 0.6720542231491137, 0.6850916821684826), (0.5593093093093093, 0.5633967300633966, 0.5613455791775132)), 'test': (1175, (0.7002724795640327, 0.6748949579831933, 0.6873495587055363), (0.5544711378044712, 0.5631047714381047, 0.5587546058218447))}
test:{'dev': (1198, (0.6995708154506438, 0.6798748696558915, 0.6895822316234796), (0.5714881548214881, 0.5723223223223224, 0.5719049343976415))}
test:{'dev': (1198, (0.6995708154506438, 0.6798748696558915, 0.6895822316234796), (0.5714881548214881, 0.5723223223223224, 0.5719049343976415)), 'test': (1181, (0.7061769616026711, 0.6664915966386554, 0.6857606052418265), (0.5666499833166501, 0.5589756423089756, 0.5627866515792014))}
test:{'dev': (1173, (0.7258064516129032, 0.6334723670490093, 0.6765033407572382), (0.5378712045378712, 0.5316149482816148, 0.53472477755555))}
test:{'dev': (1173, (0.7258064516129032, 0.6334723670490093, 0.6765033407572382), (0.5378712045378712, 0.5316149482816148, 0.53472477755555)), 'test': (1172, (0.7277137659187386, 0.6302521008403361, 0.6754855052068673), (0.5359526192859527, 0.5251084417751085, 0.5304751161014265))}
test:{'dev': (1193, (0.7020474137931034, 0.6793534932221064, 0.6905140434552199), (0.567650984317651, 0.5703203203203203, 0.5689825215921097))}
test:{'dev': (1193, (0.7020474137931034, 0.6793534932221064, 0.6905140434552199), (0.567650984317651, 0.5703203203203203, 0.5689825215921097)), 'test': (1165, (0.6899728997289973, 0.6685924369747899, 0.679114430514804), (0.5620620620620621, 0.5572655989322657, 0.5596535537661596))}
test:{'dev': (1205, (0.7060097455332972, 0.6798748696558915, 0.69269588313413), (0.5691524858191527, 0.568068068068068, 0.5686097599102807))}
test:{'dev': (1205, (0.7060097455332972, 0.6798748696558915, 0.69269588313413), (0.5691524858191527, 0.568068068068068, 0.5686097599102807)), 'test': (1179, (0.6953713670613563, 0.6785714285714286, 0.6868686868686869), (0.5657323990657324, 0.563938938938939, 0.5648342453585207))}
test:{'dev': (1220, (0.7196209587513935, 0.6730969760166841, 0.6955818965517241), (0.5715715715715715, 0.5668168168168168, 0.5691842645019166))}
test:{'dev': (1220, (0.7196209587513935, 0.6730969760166841, 0.6955818965517241), (0.5715715715715715, 0.5668168168168168, 0.5691842645019166)), 'test': (1185, (0.7097136440202133, 0.6638655462184874, 0.6860244233378561), (0.5617283950617283, 0.554346012679346, 0.5580127881285124))}
test:{'dev': (1205, (0.7181973759269823, 0.6564129301355579, 0.6859166439662217), (0.559642976309643, 0.5541374708041374, 0.5568766164806708))}
test:{'dev': (1205, (0.7181973759269823, 0.6564129301355579, 0.6859166439662217), (0.559642976309643, 0.5541374708041374, 0.5568766164806708)), 'test': (1189, (0.7192374350086655, 0.6538865546218487, 0.6850068775790922), (0.5566399733066401, 0.5477143810477143, 0.5521411080491575))}
test:{'dev': (1220, (0.7183650615901456, 0.6689259645464025, 0.6927645788336934), (0.5676509843176509, 0.56322989656323, 0.5654317984971275))}
test:{'dev': (1220, (0.7183650615901456, 0.6689259645464025, 0.6927645788336934), (0.5676509843176509, 0.56322989656323, 0.5654317984971275)), 'test': (1185, (0.7135593220338983, 0.6633403361344538, 0.6875340228633641), (0.5582248915582249, 0.553928928928929, 0.5560686131471805))}
