test:{'dev': (932, (0.8433420365535248, 0.3368091762252346, 0.48137108792846495), (0.3233233233233233, 0.3132298965632299, 0.31819658736183437))}
test:{'dev': (932, (0.8433420365535248, 0.3368091762252346, 0.48137108792846495), (0.3233233233233233, 0.3132298965632299, 0.31819658736183437)), 'test': (964, (0.8291139240506329, 0.3440126050420168, 0.48626577579806984), (0.3278278278278278, 0.3193193193193194, 0.3235176398362787))}
test:{'dev': (1048, (0.8589449541284404, 0.3905109489051095, 0.5369175627240144), (0.3741241241241241, 0.36327994661327995, 0.36862229876935754))}
test:{'dev': (1048, (0.8589449541284404, 0.3905109489051095, 0.5369175627240144), (0.3741241241241241, 0.36327994661327995, 0.36862229876935754)), 'test': (1033, (0.8422897196261683, 0.3786764705882353, 0.5224637681159421), (0.3608608608608609, 0.3501001001001002, 0.35539904564895775))}
test:{'dev': (1150, (0.7379855167873601, 0.5844629822732013, 0.6523130637183591), (0.5175175175175175, 0.5035869202535869, 0.5104571935713181))}
test:{'dev': (1150, (0.7379855167873601, 0.5844629822732013, 0.6523130637183591), (0.5175175175175175, 0.5035869202535869, 0.5104571935713181)), 'test': (1170, (0.7427609427609427, 0.5793067226890757, 0.650929477722042), (0.5175175175175175, 0.5016266266266267, 0.5094481836041076))}
test:{'dev': (1105, (0.8192341941228851, 0.4796663190823775, 0.6050641236435383), (0.4314314314314314, 0.41808475141808477, 0.4246532471198614))}
test:{'dev': (1105, (0.8192341941228851, 0.4796663190823775, 0.6050641236435383), (0.4314314314314314, 0.41808475141808477, 0.4246532471198614)), 'test': (1102, (0.800702370500439, 0.4789915966386555, 0.599408478475189), (0.4269269269269269, 0.41574908241574904, 0.4212638692939623))}
test:{'dev': (1088, (0.6786179921773142, 0.5427528675703858, 0.6031286210892236), (0.4914914914914915, 0.4700533867200535, 0.48053345268579073))}
test:{'dev': (1088, (0.6786179921773142, 0.5427528675703858, 0.6031286210892236), (0.4914914914914915, 0.4700533867200535, 0.48053345268579073)), 'test': (1084, (0.6869565217391305, 0.539390756302521, 0.60429538099441), (0.49124124124124124, 0.4667584250917585, 0.47868698948415095))}
test:{'dev': (1110, (0.6810650887573965, 0.600104275286757, 0.6380266075388027), (0.5273606940273606, 0.508008008008008, 0.5175034847932044))}
test:{'dev': (1110, (0.6810650887573965, 0.600104275286757, 0.6380266075388027), (0.5273606940273606, 0.508008008008008, 0.5175034847932044)), 'test': (1124, (0.6930398572278406, 0.6118697478991597, 0.6499302649930265), (0.5422922922922923, 0.5198114781448115, 0.5308139673150473))}
test:{'dev': (1241, (0.7470095693779905, 0.651199165797706, 0.6958217270194986), (0.5597263930597265, 0.5457957957957958, 0.5526733252531185))}
test:{'dev': (1241, (0.7470095693779905, 0.651199165797706, 0.6958217270194986), (0.5597263930597265, 0.5457957957957958, 0.5526733252531185)), 'test': (1230, (0.7413268411442483, 0.6397058823529411, 0.6867775585001409), (0.549049049049049, 0.5374124124124124, 0.543168413144228))}
test:{'dev': (1218, (0.7260668973471741, 0.6564129301355579, 0.6894852135815991), (0.5617283950617283, 0.5451284617951286, 0.5533039508219754))}
test:{'dev': (1218, (0.7260668973471741, 0.6564129301355579, 0.6894852135815991), (0.5617283950617283, 0.5451284617951286, 0.5533039508219754)), 'test': (1204, (0.7065972222222222, 0.6412815126050421, 0.6723568281938327), (0.5509676343009677, 0.5370787454120787, 0.5439345441709327))}
test:{'dev': (1150, (0.7441705529646903, 0.5823774765380605, 0.6534074290728283), (0.5244411077744412, 0.4977477477477479, 0.5107458936004718))}
test:{'dev': (1150, (0.7441705529646903, 0.5823774765380605, 0.6534074290728283), (0.5244411077744412, 0.4977477477477479, 0.5107458936004718)), 'test': (1167, (0.7537414965986394, 0.5819327731092437, 0.6567871962062833), (0.5242742742742743, 0.4957874541207875, 0.5096330946803205))}
test:{'dev': (1192, (0.7149398969662278, 0.651199165797706, 0.6815825375170532), (0.578661995328662, 0.5551384718051385, 0.566656206432055))}
test:{'dev': (1192, (0.7149398969662278, 0.651199165797706, 0.6815825375170532), (0.578661995328662, 0.5551384718051385, 0.566656206432055)), 'test': (1169, (0.7097546379413525, 0.6228991596638656, 0.6634965034965036), (0.5578912245578912, 0.5312395729062396, 0.5442393081755341))}
test:{'dev': (1224, (0.733098177542622, 0.6501564129301356, 0.6891406465874551), (0.5659826493159827, 0.5508008008008008, 0.558288532033677))}
test:{'dev': (1224, (0.733098177542622, 0.6501564129301356, 0.6891406465874551), (0.5659826493159827, 0.5508008008008008, 0.558288532033677)), 'test': (1200, (0.7206235011990407, 0.6313025210084033, 0.6730123180291153), (0.5487987987987988, 0.5324074074074073, 0.5404788540420989))}
test:{'dev': (1160, (0.671858774662513, 0.6746611053180396, 0.6732570239334026), (0.5689022355689023, 0.5618118118118117, 0.5653347925572196))}
test:{'dev': (1160, (0.671858774662513, 0.6746611053180396, 0.6732570239334026), (0.5689022355689023, 0.5618118118118117, 0.5653347925572196)), 'test': (1191, (0.6849894291754757, 0.680672268907563, 0.6828240252897787), (0.5734901568234901, 0.5642726059392723, 0.5688440435254223))}
test:{'dev': (1208, (0.6964190272581507, 0.6793534932221064, 0.687780416996569), (0.5827494160827494, 0.5704037370704039, 0.5765104900425118))}
test:{'dev': (1208, (0.6964190272581507, 0.6793534932221064, 0.687780416996569), (0.5827494160827494, 0.5704037370704039, 0.5765104900425118)), 'test': (1196, (0.6867599569429494, 0.6701680672268907, 0.6783625730994152), (0.574657991324658, 0.5619786453119785, 0.5682475983493646))}
test:{'dev': (1153, (0.6735449735449736, 0.6637122002085506, 0.66859243697479), (0.5721554888221555, 0.5629796463129796, 0.567530481196462))}
test:{'dev': (1153, (0.6735449735449736, 0.6637122002085506, 0.66859243697479), (0.5721554888221555, 0.5629796463129796, 0.567530481196462)), 'test': (1192, (0.6804609743321111, 0.6822478991596639, 0.6813532651455547), (0.5889222555889223, 0.5746996996996998, 0.5817240589096212))}
test:{'dev': (1182, (0.7123287671232876, 0.6506777893639207, 0.6801089918256131), (0.5452118785452119, 0.5429596262929595, 0.5440834216099324))}
test:{'dev': (1182, (0.7123287671232876, 0.6506777893639207, 0.6801089918256131), (0.5452118785452119, 0.5429596262929595, 0.5440834216099324)), 'test': (1175, (0.7119033927544566, 0.6502100840336135, 0.6796596211913258), (0.5428762095428762, 0.5397063730397063, 0.5412866505998472))}
test:{'dev': (1145, (0.696763202725724, 0.6397288842544318, 0.6670290839902148), (0.5517183850517184, 0.5417917917917918, 0.5467100329408667))}
test:{'dev': (1145, (0.696763202725724, 0.6397288842544318, 0.6670290839902148), (0.5517183850517184, 0.5417917917917918, 0.5467100329408667)), 'test': (1166, (0.7054441260744986, 0.6465336134453782, 0.6747053987393807), (0.5582248915582249, 0.5470470470470469, 0.5525794473719001))}
test:{'dev': (1179, (0.7287234042553191, 0.6428571428571429, 0.6831024930747923), (0.5463797130463798, 0.5387053720387054, 0.5425154038827676))}
test:{'dev': (1179, (0.7287234042553191, 0.6428571428571429, 0.6831024930747923), (0.5463797130463798, 0.5387053720387054, 0.5425154038827676)), 'test': (1191, (0.731575793888556, 0.6412815126050421, 0.6834592779177162), (0.5453787120453787, 0.5368702035368702, 0.5410910113648923))}
test:{'dev': (1217, (0.7080645161290322, 0.6866527632950991, 0.6971942826892534), (0.577660994327661, 0.5752419085752418, 0.5764489135205196))}
test:{'dev': (1217, (0.7080645161290322, 0.6866527632950991, 0.6971942826892534), (0.577660994327661, 0.5752419085752418, 0.5764489135205196)), 'test': (1201, (0.7050516023900054, 0.6817226890756303, 0.6931909212283045), (0.5774941608274942, 0.5691524858191525, 0.5732929811328376))}
test:{'dev': (1168, (0.6894541600423953, 0.678310740354536, 0.6838370565045991), (0.5689022355689023, 0.5667334000667333, 0.5678157467981668))}
test:{'dev': (1168, (0.6894541600423953, 0.678310740354536, 0.6838370565045991), (0.5689022355689023, 0.5667334000667333, 0.5678157467981668)), 'test': (1165, (0.6879283078545071, 0.6853991596638656, 0.6866614048934491), (0.571071071071071, 0.5703203203203202, 0.5706954487923572))}
test:{'dev': (1156, (0.6775012696800407, 0.6955161626694474, 0.6863905325443787), (0.5711544878211544, 0.5782449115782449, 0.5746778299696992))}
test:{'dev': (1156, (0.6775012696800407, 0.6955161626694474, 0.6863905325443787), (0.5711544878211544, 0.5782449115782449, 0.5746778299696992)), 'test': (1157, (0.6761363636363636, 0.6875, 0.6817708333333333), (0.565648982315649, 0.5694027360694026, 0.5675196521329638))}
test:{'dev': (1173, (0.6791497975708503, 0.6996871741397289, 0.6892655367231638), (0.5787454120787454, 0.5833333333333333, 0.5810303160816405))}
test:{'dev': (1173, (0.6791497975708503, 0.6996871741397289, 0.6892655367231638), (0.5787454120787454, 0.5833333333333333, 0.5810303160816405)), 'test': (1153, (0.6756208819057273, 0.7001050420168067, 0.6876450864070157), (0.5777444110777444, 0.5809976643309976, 0.5793664708309683))}
test:{'dev': (1188, (0.6852713178294574, 0.6913451511991658, 0.6882948351933558), (0.5697364030697364, 0.5756589923256589, 0.5726823854903867))}
test:{'dev': (1188, (0.6852713178294574, 0.6913451511991658, 0.6882948351933558), (0.5697364030697364, 0.5756589923256589, 0.5726823854903867)), 'test': (1162, (0.6775677056719469, 0.6964285714285714, 0.6868686868686869), (0.569652986319653, 0.5774107440774107, 0.5735056317801815))}
test:{'dev': (1193, (0.7051282051282052, 0.6882168925964547, 0.6965699208443271), (0.572072072072072, 0.5749916583249918, 0.5735281496317057))}
test:{'dev': (1193, (0.7051282051282052, 0.6882168925964547, 0.6965699208443271), (0.572072072072072, 0.5749916583249918, 0.5735281496317057)), 'test': (1153, (0.6888888888888889, 0.6838235294117647, 0.6863468634686347), (0.56664998331665, 0.5679846513179846, 0.5673165323339318))}
test:{'dev': (1192, (0.7072776280323451, 0.6840458811261731, 0.6954677975086139), (0.5677344010677342, 0.5708208208208209, 0.5692734275780652))}
test:{'dev': (1192, (0.7072776280323451, 0.6840458811261731, 0.6954677975086139), (0.5677344010677342, 0.5708208208208209, 0.5692734275780652)), 'test': (1158, (0.6933404940923737, 0.678046218487395, 0.6856080722251726), (0.5630630630630632, 0.5633133133133132, 0.5631881603887826))}
