test:{'dev': (720, (0.5726708074534161, 0.24035453597497394, 0.33859713551230264), (0.23073073073073072, 0.22305638972305636, 0.22682866690219627))}
test:{'dev': (720, (0.5726708074534161, 0.24035453597497394, 0.33859713551230264), (0.23073073073073072, 0.22305638972305636, 0.22682866690219627)), 'test': (738, (0.5547945205479452, 0.2552521008403361, 0.3496402877697841), (0.24324324324324326, 0.23548548548548545, 0.23930150746669301))}
test:{'dev': (386, (0.0, 0.0, 0.0), (0.0, 0.0, 0.0))}
test:{'dev': (386, (0.0, 0.0, 0.0), (0.0, 0.0, 0.0)), 'test': (400, (0.0, 0.0, 0.0), (0.0, 0.0, 0.0))}
test:{'dev': (511, (0.5025641025641026, 0.10218978102189781, 0.16984402079722705), (0.0980980980980981, 0.09417751084417751, 0.09609783319110866))}
test:{'dev': (511, (0.5025641025641026, 0.10218978102189781, 0.16984402079722705), (0.0980980980980981, 0.09417751084417751, 0.09609783319110866)), 'test': (516, (0.4694835680751174, 0.10504201680672269, 0.1716738197424893), (0.1001001001001001, 0.09584584584584585, 0.09792679013624098))}
test:{'dev': (743, (0.5466101694915254, 0.26903023983315955, 0.36058700209643607), (0.25825825825825827, 0.25091758425091754, 0.2545350068285848))}
test:{'dev': (743, (0.5466101694915254, 0.26903023983315955, 0.36058700209643607), (0.25825825825825827, 0.25091758425091754, 0.2545350068285848)), 'test': (794, (0.5818561001042752, 0.2930672268907563, 0.3898009081383164), (0.27927927927927926, 0.27035368702035373, 0.2747440109710561))}
test:{'dev': (744, (0.5723756906077349, 0.27007299270072993, 0.3669854764434998), (0.25925925925925924, 0.2526693360026693, 0.25592188244950176))}
test:{'dev': (744, (0.5723756906077349, 0.27007299270072993, 0.3669854764434998), (0.25925925925925924, 0.2526693360026693, 0.25592188244950176)), 'test': (806, (0.6097826086956522, 0.29464285714285715, 0.3973087818696883), (0.2807807807807808, 0.27285618952285623, 0.2767617700569336))}
test:{'dev': (730, (0.5931372549019608, 0.2523461939520334, 0.3540599853694221), (0.24224224224224225, 0.23548548548548545, 0.23881608166574117))}
test:{'dev': (730, (0.5931372549019608, 0.2523461939520334, 0.3540599853694221), (0.24224224224224225, 0.23548548548548545, 0.23881608166574117)), 'test': (775, (0.6147540983606558, 0.2757352941176471, 0.3807106598984772), (0.2627627627627628, 0.2546713380046713, 0.2586537851732112))}
test:{'dev': (735, (0.5605726872246696, 0.2653806047966632, 0.36022646850672324), (0.25475475475475473, 0.2481648314981648, 0.25141661814410193))}
test:{'dev': (735, (0.5605726872246696, 0.2653806047966632, 0.36022646850672324), (0.25475475475475473, 0.2481648314981648, 0.25141661814410193)), 'test': (757, (0.5777063236870311, 0.28308823529411764, 0.37997885089883676), (0.2697697697697698, 0.26142809476142803, 0.2655334354454957))}
test:{'dev': (719, (0.5448851774530271, 0.2721584984358707, 0.36300417246175243), (0.256006006006006, 0.24874874874874872, 0.25232520572133854))}
test:{'dev': (719, (0.5448851774530271, 0.2721584984358707, 0.36300417246175243), (0.256006006006006, 0.24874874874874872, 0.25232520572133854)), 'test': (746, (0.5539267015706806, 0.2778361344537815, 0.37005946135012247), (0.262012012012012, 0.2541708375041708, 0.25803186832598596))}
test:{'dev': (695, (0.5390625, 0.2518248175182482, 0.3432835820895523), (0.23998998998999, 0.23248248248248246, 0.23617658972531852))}
test:{'dev': (695, (0.5390625, 0.2518248175182482, 0.3432835820895523), (0.23998998998999, 0.23248248248248246, 0.23617658972531852)), 'test': (730, (0.5440860215053763, 0.2657563025210084, 0.35709244883556807), (0.25225225225225223, 0.2432432432432432, 0.24766584766584762))}
test:{'dev': (693, (0.548723897911833, 0.24661105318039625, 0.3402877697841727), (0.22772772772772773, 0.2215548882215549, 0.2245989026531173))}
test:{'dev': (693, (0.548723897911833, 0.24661105318039625, 0.3402877697841727), (0.22772772772772773, 0.2215548882215549, 0.2245989026531173)), 'test': (733, (0.5513100436681223, 0.2652310924369748, 0.3581560283687943), (0.245995995995996, 0.23890557223890554, 0.24239894461810854))}
test:{'dev': (650, (0.4217585692995529, 0.29509906152241916, 0.347239263803681), (0.2582165498832165, 0.2651818485151818, 0.2616528526826824))}
test:{'dev': (650, (0.4217585692995529, 0.29509906152241916, 0.347239263803681), (0.2582165498832165, 0.2651818485151818, 0.2616528526826824)), 'test': (671, (0.43500738552437224, 0.30934873949579833, 0.3615715162676489), (0.2693943943943944, 0.27494160827494163, 0.2721397360888588))}
test:{'dev': (696, (0.5058479532163743, 0.2705943691345151, 0.3525815217391305), (0.25225225225225223, 0.24366032699366028, 0.24788185999287765))}
test:{'dev': (696, (0.5058479532163743, 0.2705943691345151, 0.3525815217391305), (0.25225225225225223, 0.24366032699366028, 0.24788185999287765)), 'test': (730, (0.5185537583254044, 0.2862394957983193, 0.3688663282571912), (0.2682682682682683, 0.2565065065065065, 0.26225557937527416))}
test:{'dev': (703, (0.49501359927470534, 0.2846715328467153, 0.3614697120158888), (0.2642642642642643, 0.2548381715048382, 0.2594656362935328))}
test:{'dev': (703, (0.49501359927470534, 0.2846715328467153, 0.3614697120158888), (0.2642642642642643, 0.2548381715048382, 0.2594656362935328)), 'test': (722, (0.4925764192139738, 0.296218487394958, 0.369957363069859), (0.2747747747747748, 0.26509843176509834, 0.26984988696978807))}
test:{'dev': (686, (0.4530769230769231, 0.30709071949947864, 0.36606587942821633), (0.27527527527527523, 0.2752752752752753, 0.27527527527527523))}
test:{'dev': (686, (0.4530769230769231, 0.30709071949947864, 0.36606587942821633), (0.27527527527527523, 0.2752752752752753, 0.27527527527527523)), 'test': (709, (0.46053639846743294, 0.31565126050420167, 0.3745715176067311), (0.28828828828828834, 0.28261594928261596, 0.28542393942744615))}
test:{'dev': (661, (0.4800389483933788, 0.2570385818561001, 0.33480475382003394), (0.23581915248581917, 0.2291458124791458, 0.23243459342610162))}
test:{'dev': (661, (0.4800389483933788, 0.2570385818561001, 0.33480475382003394), (0.23581915248581917, 0.2291458124791458, 0.23243459342610162)), 'test': (698, (0.49533582089552236, 0.27888655462184875, 0.3568548387096774), (0.2565065065065065, 0.2463296629963296, 0.2513151007676555))}
test:{'dev': (638, (0.4462962962962963, 0.251303441084463, 0.3215476984656438), (0.22747747747747746, 0.22230563897230562, 0.22486182399016225))}
test:{'dev': (638, (0.4462962962962963, 0.251303441084463, 0.3215476984656438), (0.22747747747747746, 0.22230563897230562, 0.22486182399016225)), 'test': (682, (0.4670280036133695, 0.27153361344537813, 0.34340750581202256), (0.24591257924591256, 0.2383216549883216, 0.24205761891664848))}
test:{'dev': (665, (0.46993524514338575, 0.264859228362878, 0.3387795931977326), (0.24366032699366033, 0.23907240573907235, 0.24134456442503213))}
test:{'dev': (665, (0.46993524514338575, 0.264859228362878, 0.3387795931977326), (0.24366032699366033, 0.23907240573907235, 0.24134456442503213)), 'test': (704, (0.4833040421792619, 0.28886554621848737, 0.36160420775805385), (0.2676843510176844, 0.25850850850850843, 0.2630164247951185))}
test:{'dev': (626, (0.4483082706766917, 0.24869655891553702, 0.3199195171026157), (0.2238071404738071, 0.22155488822155484, 0.22267531938506524))}
test:{'dev': (626, (0.4483082706766917, 0.24869655891553702, 0.3199195171026157), (0.2238071404738071, 0.22155488822155484, 0.22267531938506524)), 'test': (678, (0.467966573816156, 0.2647058823529412, 0.33814156323381417), (0.24115782449115786, 0.23490156823490152, 0.2379885872672509))}
test:{'dev': (623, (0.44106813996316757, 0.2497393117831074, 0.3189081225033289), (0.22497497497497496, 0.2234734734734734, 0.22422171054983553))}
test:{'dev': (623, (0.44106813996316757, 0.2497393117831074, 0.3189081225033289), (0.22497497497497496, 0.2234734734734734, 0.22422171054983553)), 'test': (667, (0.4674502712477396, 0.27153361344537813, 0.34352159468438537), (0.24883216549883216, 0.24107440774107436, 0.24489186388272602))}
test:{'dev': (627, (0.43981900452488687, 0.2533889468196038, 0.3215348991068475), (0.22764431097764434, 0.2263096429763096, 0.22697501495124917))}
test:{'dev': (627, (0.43981900452488687, 0.2533889468196038, 0.3215348991068475), (0.22764431097764434, 0.2263096429763096, 0.22697501495124917)), 'test': (664, (0.45598591549295775, 0.27205882352941174, 0.34078947368421053), (0.24674674674674674, 0.24207540874207537, 0.2443887573580406))}
test:{'dev': (596, (0.39780736100234926, 0.264859228362878, 0.3179968701095462), (0.2292292292292292, 0.2347347347347347, 0.2319493171704606))}
test:{'dev': (596, (0.39780736100234926, 0.264859228362878, 0.3179968701095462), (0.2292292292292292, 0.2347347347347347, 0.2319493171704606)), 'test': (627, (0.4174454828660436, 0.2815126050420168, 0.3362609786700126), (0.24566232899566232, 0.24716383049716376, 0.24641079242185085))}
test:{'dev': (642, (0.42892156862745096, 0.2737226277372263, 0.3341820496499045), (0.24591257924591256, 0.2438271604938271, 0.24486542978565912))}
test:{'dev': (642, (0.42892156862745096, 0.2737226277372263, 0.3341820496499045), (0.24591257924591256, 0.2438271604938271, 0.24486542978565912)), 'test': (669, (0.44311853619729513, 0.2925420168067227, 0.35242012021512176), (0.26259592926259595, 0.2580914247580913, 0.2603241926108528))}
test:{'dev': (611, (0.4129353233830846, 0.2596454640250261, 0.31882202304737517), (0.23314981648314978, 0.23156489823156484, 0.23235465466064398))}
test:{'dev': (611, (0.4129353233830846, 0.2596454640250261, 0.31882202304737517), (0.23314981648314978, 0.23156489823156484, 0.23235465466064398)), 'test': (650, (0.43135662063363117, 0.27888655462184875, 0.33875598086124403), (0.25016683350016683, 0.24641307974641302, 0.24827576890962297))}
test:{'dev': (621, (0.41618969746524936, 0.2653806047966632, 0.32410060490289716), (0.2378211544878211, 0.2372372372372372, 0.2375288370020591))}
test:{'dev': (621, (0.41618969746524936, 0.2653806047966632, 0.32410060490289716), (0.2378211544878211, 0.2372372372372372, 0.2375288370020591)), 'test': (663, (0.4434499593165175, 0.2862394957983193, 0.3479093520587297), (0.2576743410076743, 0.25417083750417074, 0.25591059877783034))}
